1 567.0353 4138.944 0
2 647.7989 4065.314 0
3 566.9653 4138.874 -7
4 647.7289 4065.244 -7
5 569.375042227048 4137.094370595179 0
6 571.8073661593935 4135.36998006545 0
7 574.2929920682852 4133.721805032261 0
8 576.7649373412769 4132.056032953331 0
9 579.0776215699016 4130.173375028587 0
10 580.9479624522336 4127.862038264839 0
11 582.8060650951714 4125.533427173602 0
12 584.865419213342 4123.377031340307 0
13 587.4075670567009 4121.820516536132 0
14 590.0800419021166 4120.508208822795 0
15 592.8645479853507 4119.439568407537 0
16 595.669653908936 4118.426255521442 0
17 598.1527620947592 4116.829404020118 0
18 600.3686823639322 4114.833166088304 0
19 602.387292384441 4112.641750885638 0
20 604.3289117347443 4110.377763121704 0
21 606.3072410786993 4108.145952558936 0
22 608.3687338430229 4105.991134830232 0
23 610.4576148047544 4103.862273391243 0
24 612.4878389803458 4101.677551665197 0
25 614.5049181281586 4099.480525678373 0
26 616.5004285843546 4097.263975280803 0
27 618.4822201507078 4095.035075284211 0
28 620.5611060264456 4092.897897561934 0
29 622.6927224858362 4090.811814411522 0
30 624.8224970957631 4088.723856632324 0
31 626.912571328039 4086.59623546129 0
32 628.9930455537803 4084.459144242424 0
33 631.0850900968416 4082.333517219547 0
34 633.2275504208322 4080.258583912057 0
35 635.3728393835635 4078.186563782043 0
36 637.5177312777581 4076.114132437033 0
37 639.6233492222963 4074.002433478379 0
38 641.6676377625593 4071.830702408247 0
39 643.7113916233748 4069.658468066744 0
40 645.7551353093205 4067.486224156828 0
41 568.7603012398376 4136.50540092056 -7
42 570.5430842681263 4134.127575254306 -7
43 572.3668995518673 4131.781747012235 -7
44 574.2386021735474 4129.473262764858 -7
45 576.5813110226915 4127.675560229488 -7
46 578.9250090174016 4125.903332231132 -7
47 580.7016490069932 4123.523184340009 -7
48 582.5723075917647 4121.214877542581 -7
49 584.5444957394395 4118.99162673939 -7
50 586.6314656137346 4116.87576299923 -7
51 588.7186743903486 4114.760123675952 -7
52 590.815533890883 4112.654313672163 -7
53 593.0058762078879 4110.646648030375 -7
54 595.2432451388011 4108.690500669339 -7
55 597.4750206829466 4106.727964518228 -7
56 600.0701514824734 4105.306179732836 -7
57 602.6629191480113 4103.871566177487 -7
58 605.0453952003655 4102.095002617036 -7
59 607.4152126189434 4100.301907888694 -7
60 609.7174751777327 4098.424300285104 -7
61 611.7549952762356 4096.260765660636 -7
62 613.7973331444338 4094.10182778162 -7
63 615.862890433552 4091.965044379084 -7
64 618.047841306039 4089.953210778437 -7
65 620.2807539013357 4087.99202519457 -7
66 622.5354132292947 4086.0558223284 -7
67 624.8149681121538 4084.150312308043 -7
68 627.1747841619302 4082.343758008961 -7
69 629.4403198245168 4080.421341259276 -7
70 631.6887991317953 4078.477965066536 -7
71 633.9386557675281 4076.536183579678 -7
72 636.2316487720776 4074.647989945253 -7
73 638.6092663308759 4072.864929383187 -7
74 640.9239552637479 4071.002094719618 -7
75 643.2116011320945 4069.104979381712 -7
76 645.4992470004011 4067.207864043839 -7
77 567.0119666666671 4138.920666666667 -2.333333333290222
78 566.988633333334 4138.897333333334 -4.666666666614671
79 647.775566666667 4065.290666666667 -2.333333333296435
80 647.7522333333339 4065.267333333334 -4.666666666608458
81 646.4024688393456 4066.7272639074 -1.339057607150532
82 568.33764372583 4137.268225135996 -5.663292263741189
83 646.1397964453519 4066.812580788959 -5.550020270742115
84 568.6664432623868 4137.366325519462 -1.55813373579392
85 595.4541158667168 4111.188977441676 -5.400794537082184
86 599.6297861399911 4107.69240355609 -5.210089351083814
87 593.416145412412 4117.612468723556 -2.075420906062554
88 606.0793657884625 4106.150512264119 -2.124633297943361
89 600.2392180941687 4112.994619051758 -2.234548508813091
90 610.0247441185559 4102.13507454805 -2.108298130010489
91 588.929136651298 4119.473537632655 -2.049696944546127
92 611.7688776930617 4097.826217756958 -4.655042891113874
93 617.933337513931 4091.469869530158 -4.600644124537789
94 622.2582557866825 4087.551334251099 -4.658789911455248
95 578.0701878789737 4127.203179900649 -4.504406827407259
96 583.9677757999514 4120.678404919301 -4.486380225036285
97 575.4766798579909 4130.892052996508 -2.255868711728628
98 626.5130801300901 4083.924007527162 -4.572256133100586
99 631.04282498311 4080.003056770884 -4.532756814787659
100 635.6272215461453 4075.950814467109 -4.518990525799516
101 616.4248287705782 4095.234622934983 -2.165209078010645
102 640.3960029881645 4071.974357993145 -4.397749499388698
103 591.0113758924902 4115.02763040212 -5.222575546535742
104 571.5993594218253 4133.361016367064 -4.545334212412828
105 625.0623829830731 4086.763591225999 -2.338440048377537
106 582.5825976888692 4123.551744543631 -2.185709878173713
107 620.6172584981222 4091.030062706827 -2.184849599192933
108 607.2118316428387 4102.119504202427 -4.604271483806255
109 629.3686690197286 4082.703568669072 -2.395921456327893
110 633.8507681007327 4078.536032639141 -2.436227291073621
111 638.3189067310668 4074.430683705489 -2.482246139280182
112 642.5569179792274 4070.358610229949 -2.46843253258079
113 603.9128189574841 4108.4448153803 -2.054857173848953
114 601.953748945934 4105.980264010006 -4.995970414080166
115 581.0252515038434 4125.423088081292 -2.073303808342997
116 604.7485769482162 4104.12304606318 -4.670745618882425
117 609.5833795702401 4100.046021672251 -4.599911662320564
118 644.7957068034927 4068.265676619527 -2.050160224722156
119 612.4084607464061 4099.592949574797 -2.125064770265732
120 613.852473052901 4097.13101856058 -2.942663057460204
121 591.0355887644496 4118.611724760621 -2.026189442081959
122 588.7486223988537 4117.882944801981 -3.756269624145081
123 575.8737586808561 4128.967042126358 -4.515722842081717
124 573.7319946580325 4130.968326117915 -4.489701506487057
125 577.4781907921224 4129.049029881481 -2.337169312101302
126 620.0928336705161 4089.507440442071 -4.61636848387049
127 596.1142601867914 4116.361990599848 -2.167424890418977
128 594.0726727151647 4115.401833493411 -3.831234002445745
129 596.3804832197624 4114.356005164757 -3.456558818954214
130 602.2135951060475 4110.583919847788 -2.118146597787411
131 600.0162899429514 4110.427444450874 -3.743461966507101
132 618.4310551270399 4093.084992669227 -2.189708924946944
133 569.626338758722 4135.662983186098 -5.004913904320423
134 586.216302814673 4118.830225352385 -4.73644597383498
135 593.2433736783331 4113.042807116724 -5.402726860165872
136 615.8742149683992 4093.50085847087 -4.615894780003726
137 584.5828061916187 4121.878482108082 -2.041126831599578
138 622.8069972167691 4089.017886867917 -2.158041827672122
139 646.3200755303174 4066.692962069614 -3.499678221769187
140 624.2147310276264 4085.74911331005 -4.762047874398321
141 568.3190478695868 4137.392668058811 -3.452921410806944
142 644.8571370846419 4067.942814295272 -4.94053671657384
143 643.0188611369642 4069.57408556197 -4.560062050906587
144 580.0998503789847 4124.927111221636 -4.604892602728111
145 569.702628669781 4136.192808356344 -2.081985056094287
146 571.212249008786 4134.509678704318 -2.562396220975741
147 582.0188949424492 4122.585631829601 -4.688944164024523
148 597.5931002028509 4109.426861651131 -5.303045404581693
149 627.2648026175975 4084.879088010837 -2.112583259766092
150 602.0408360053243 4108.275410272654 -3.656484562009068
151 607.7519890277957 4103.896946546516 -2.542189733308719
152 628.7366977578594 4081.887187405041 -4.859348047398572
153 631.6421775827008 4080.787873602053 -2.081314116352355
154 633.1833174436028 4077.935510112852 -4.903289392253591
155 636.0306326478031 4076.731022140248 -2.066719674490093
156 598.3247740234212 4114.707678670584 -2.196166444069632
157 637.6822340540257 4074.104806525594 -4.944137569412099
158 613.7682761157677 4095.651477949476 -4.708346708254703
159 640.3491383037285 4072.643632330238 -2.031056453266394
160 603.8881304882195 4106.232277774268 -3.458709238874666
161 579.5260642597483 4127.538109644571 -1.80561059583361
162 591.7477059709244 4116.922435594974 -3.451929763608324
163 597.8326055385968 4112.792898557178 -3.690948594023483
164 595.2726860109059 4113.243381088719 -4.475468759042955
165 614.8065823956555 4097.923195478201 -1.29407881164135
166 572.9683890116391 4132.389562330768 -2.965011264125296
167 588.2298155852909 4116.380029518675 -5.724914298998694
168 586.4555198874083 4119.873212774388 -3.054114990990432
