567035 4.13894e+06 0
647799 4065314 0
566965 4138874 -7000
647729 4065244 -7000
569375 4.13709e+06 0
571807 4.13537e+06 0
574293 4.13372e+06 0
576765 4.13206e+06 0
579078 4.13017e+06 0
580948 4.12786e+06 0
582806 4.12553e+06 0
584865 4.12338e+06 0
587408 4.12182e+06 0
590080 4.12051e+06 0
592865 4.11944e+06 0
595670 4.11843e+06 0
598153 4.11683e+06 0
600369 4.11483e+06 0
602387 4.11264e+06 0
604329 4.11038e+06 0
606307 4.10815e+06 0
608369 4.10599e+06 0
610458 4.10386e+06 0
612488 4.10168e+06 0
614505 4.09948e+06 0
616500 4.09726e+06 0
618482 4.09504e+06 0
620561 4.0929e+06 0
622693 4.09081e+06 0
624822 4.08872e+06 0
626913 4.0866e+06 0
628993 4.08446e+06 0
631085 4.08233e+06 0
633228 4.08026e+06 0
635373 4.07819e+06 0
637518 4.07611e+06 0
639623 4.074e+06 0
641668 4.07183e+06 0
643711 4.06966e+06 0
645755 4.06749e+06 0
568760 4.13651e+06 -7000
570543 4.13413e+06 -7000
572367 4.13178e+06 -7000
574239 4.12947e+06 -7000
576581 4.12768e+06 -7000
578925 4.1259e+06 -7000
580702 4.12352e+06 -7000
582572 4.12121e+06 -7000
584544 4.11899e+06 -7000
586631 4.11688e+06 -7000
588719 4.11476e+06 -7000
590816 4.11265e+06 -7000
593006 4.11065e+06 -7000
595243 4.10869e+06 -7000
597475 4.10673e+06 -7000
600070 4.10531e+06 -7000
602663 4.10387e+06 -7000
605045 4.1021e+06 -7000
607415 4.1003e+06 -7000
609717 4.09842e+06 -7000
611755 4.09626e+06 -7000
613797 4.0941e+06 -7000
615863 4.09197e+06 -7000
618048 4.08995e+06 -7000
620281 4.08799e+06 -7000
622535 4.08606e+06 -7000
624815 4.08415e+06 -7000
627175 4.08234e+06 -7000
629440 4.08042e+06 -7000
631689 4.07848e+06 -7000
633939 4.07654e+06 -7000
636232 4.07465e+06 -7000
638609 4.07286e+06 -7000
640924 4.071e+06 -7000
643212 4.0691e+06 -7000
645499 4.06721e+06 -7000
567012 4.13892e+06 -2333.33
566989 4.1389e+06 -4666.67
647776 4.06529e+06 -2333.33
647752 4.06527e+06 -4666.67
646402 4.06673e+06 -1339.06
568338 4.13727e+06 -5663.29
646140 4.06681e+06 -5550.02
568666 4.13737e+06 -1558.13
595454 4.11119e+06 -5400.79
599630 4.10769e+06 -5210.09
593416 4.11761e+06 -2075.42
606079 4.10615e+06 -2124.63
600239 4.11299e+06 -2234.55
610025 4.10214e+06 -2108.3
588929 4.11947e+06 -2049.7
611769 4.09783e+06 -4655.04
617933 4.09147e+06 -4600.64
622258 4.08755e+06 -4658.79
578070 4.1272e+06 -4504.41
583968 4.12068e+06 -4486.38
575477 4.13089e+06 -2255.87
626513 4.08392e+06 -4572.26
631043 4.08e+06 -4532.76
635627 4.07595e+06 -4518.99
616425 4.09523e+06 -2165.21
640396 4.07197e+06 -4397.75
591011 4.11503e+06 -5222.58
571599 4.13336e+06 -4545.33
625062 4.08676e+06 -2338.44
582583 4.12355e+06 -2185.71
620617 4.09103e+06 -2184.85
607212 4.10212e+06 -4604.27
629369 4.0827e+06 -2395.92
633851 4.07854e+06 -2436.23
638319 4.07443e+06 -2482.25
642557 4.07036e+06 -2468.43
603913 4.10844e+06 -2054.86
601954 4.10598e+06 -4995.97
581025 4.12542e+06 -2073.3
604749 4.10412e+06 -4670.75
609583 4.10005e+06 -4599.91
644796 4.06827e+06 -2050.16
612408 4.09959e+06 -2125.06
613852 4.09713e+06 -2942.66
591036 4.11861e+06 -2026.19
588749 4.11788e+06 -3756.27
575874 4.12897e+06 -4515.72
573732 4.13097e+06 -4489.7
577478 4.12905e+06 -2337.17
620093 4.08951e+06 -4616.37
596114 4.11636e+06 -2167.42
594073 4.1154e+06 -3831.23
596380 4.11436e+06 -3456.56
602214 4.11058e+06 -2118.15
600016 4.11043e+06 -3743.46
618431 4.09308e+06 -2189.71
569626 4.13566e+06 -5004.91
586216 4.11883e+06 -4736.45
593243 4.11304e+06 -5402.73
615874 4.0935e+06 -4615.89
584583 4.12188e+06 -2041.13
622807 4.08902e+06 -2158.04
646320 4.06669e+06 -3499.68
624215 4.08575e+06 -4762.05
568319 4.13739e+06 -3452.92
644857 4.06794e+06 -4940.54
643019 4.06957e+06 -4560.06
580100 4.12493e+06 -4604.89
569703 4.13619e+06 -2081.99
571212 4.13451e+06 -2562.4
582019 4.12259e+06 -4688.94
597593 4.10943e+06 -5303.05
627265 4.08488e+06 -2112.58
602041 4.10828e+06 -3656.48
607752 4.1039e+06 -2542.19
628737 4.08189e+06 -4859.35
631642 4.08079e+06 -2081.31
633183 4.07794e+06 -4903.29
636031 4.07673e+06 -2066.72
598325 4.11471e+06 -2196.17
637682 4.0741e+06 -4944.14
613768 4.09565e+06 -4708.35
640349 4.07264e+06 -2031.06
603888 4.10623e+06 -3458.71
579526 4.12754e+06 -1805.61
591748 4.11692e+06 -3451.93
597833 4.11279e+06 -3690.95
595273 4.11324e+06 -4475.47
614807 4.09792e+06 -1294.08
572968 4.13239e+06 -2965.01
588230 4.11638e+06 -5724.91
586456 4.11987e+06 -3054.11
