482094 4254212 0
557799 4.15103e+06 0
482024 4254142 -7000
557729 4150959 -7000
483867 4.25182e+06 0
485640 4.24943e+06 0
487413 4.24704e+06 0
489186 4.24465e+06 0
490959 4.24226e+06 0
492732 4.23987e+06 0
494505 4.23748e+06 0
496278 4.23509e+06 0
498051 4.2327e+06 0
499824 4.2303e+06 0
501597 4.22791e+06 0
503370 4.22552e+06 0
505142 4.22313e+06 0
506915 4.22074e+06 0
508688 4.21835e+06 0
510461 4.21596e+06 0
512234 4.21357e+06 0
514007 4.21118e+06 0
515780 4.20879e+06 0
517553 4.2064e+06 0
519326 4.20401e+06 0
521099 4.20162e+06 0
522872 4.19922e+06 0
524645 4.19683e+06 0
526418 4.19444e+06 0
528190 4.19205e+06 0
529963 4.18966e+06 0
531736 4.18727e+06 0
533509 4.18488e+06 0
535282 4.18249e+06 0
537055 4.1801e+06 0
538828 4.17771e+06 0
540601 4.17532e+06 0
542374 4.17293e+06 0
544147 4.17054e+06 0
545914 4.16814e+06 0
547664 4.16573e+06 0
549348 4.16328e+06 0
551026 4.16082e+06 0
552703 4.15836e+06 0
554391 4.15591e+06 0
556095 4.15347e+06 0
483797 4.25175e+06 -7000
485570 4.24936e+06 -7000
487343 4.24697e+06 -7000
489116 4.24458e+06 -7000
490889 4.24219e+06 -7000
492662 4.2398e+06 -7000
494435 4.23741e+06 -7000
496208 4.23502e+06 -7000
497981 4.23263e+06 -7000
499754 4.23023e+06 -7000
501527 4.22784e+06 -7000
503300 4.22545e+06 -7000
505072 4.22306e+06 -7000
506845 4.22067e+06 -7000
508618 4.21828e+06 -7000
510391 4.21589e+06 -7000
512164 4.2135e+06 -7000
513937 4.21111e+06 -7000
515710 4.20872e+06 -7000
517483 4.20633e+06 -7000
519256 4.20394e+06 -7000
521029 4.20155e+06 -7000
522802 4.19915e+06 -7000
524575 4.19676e+06 -7000
526348 4.19437e+06 -7000
528120 4.19198e+06 -7000
529893 4.18959e+06 -7000
531666 4.1872e+06 -7000
533439 4.18481e+06 -7000
535212 4.18242e+06 -7000
536985 4.18003e+06 -7000
538758 4.17764e+06 -7000
540531 4.17525e+06 -7000
542304 4.17286e+06 -7000
544077 4.17047e+06 -7000
545844 4.16807e+06 -7000
547594 4.16566e+06 -7000
549278 4.16321e+06 -7000
550956 4.16075e+06 -7000
552633 4.15829e+06 -7000
554321 4.15584e+06 -7000
556025 4.1534e+06 -7000
482071 4.25419e+06 -2333.33
482048 4.25417e+06 -4666.67
557775 4.15101e+06 -2333.33
557752 4.15098e+06 -4666.67
483081 4.25275e+06 -5796.8
556907 4.15228e+06 -1187.34
556271 4.15309e+06 -5384.42
553498 4.15709e+06 -4422.57
483382 4.25244e+06 -1488.98
486498 4.24821e+06 -2577.4
536128 4.18125e+06 -4422.61
540137 4.17584e+06 -4396.67
545010 4.16927e+06 -4422.74
532582 4.18603e+06 -4422.61
529036 4.19081e+06 -4422.61
525490 4.19559e+06 -4422.61
521944 4.20037e+06 -4422.61
518398 4.20515e+06 -4422.61
514853 4.20993e+06 -4422.61
511307 4.21472e+06 -4422.61
507761 4.2195e+06 -4422.61
504215 4.22428e+06 -4422.61
500334 4.22951e+06 -4399.46
497100 4.23387e+06 -4391.79
493577 4.23862e+06 -4422.61
490032 4.24341e+06 -4422.61
548332 4.1647e+06 -2568.94
550369 4.16168e+06 -4387.47
543231 4.17171e+06 -2577.39
488042 4.24609e+06 -4442.95
523729 4.19801e+06 -2577.4
527275 4.19323e+06 -2577.4
530821 4.18844e+06 -2577.4
534367 4.18366e+06 -2577.4
538113 4.17861e+06 -2506.66
552017 4.1593e+06 -2542.24
541890 4.17347e+06 -4429.84
520183 4.20279e+06 -2577.4
516638 4.20757e+06 -2577.4
513092 4.21235e+06 -2577.4
509546 4.21713e+06 -2577.4
506000 4.22192e+06 -2577.4
502282 4.22693e+06 -2501.66
498705 4.23176e+06 -2429.94
495362 4.23626e+06 -2577.4
491817 4.24104e+06 -2577.4
489366 4.24436e+06 -1971.7
546636 4.16705e+06 -4558.66
543446 4.17137e+06 -4577.41
555343 4.15443e+06 -4906.35
541675 4.17381e+06 -2577.39
484444 4.251e+06 -2093.87
495277 4.23633e+06 -4556.61
498710 4.2317e+06 -4543.64
491683 4.24117e+06 -4579.96
546764 4.16692e+06 -2577.3
551955 4.15935e+06 -4575.16
556607 4.15265e+06 -3505
483321 4.25247e+06 -3668.13
555330 4.15451e+06 -2338.93
484638 4.25067e+06 -4848.71
545130 4.16916e+06 -1979.6
548459 4.16445e+06 -5009.93
553505 4.15713e+06 -2203.23
550026 4.16224e+06 -2027.61
493596 4.23866e+06 -1982.06
497142 4.23387e+06 -1970.82
500688 4.22909e+06 -1964.43
504234 4.22431e+06 -1960.71
507780 4.21953e+06 -1958.46
511326 4.21475e+06 -1957.13
514872 4.20997e+06 -1956.39
518417 4.20518e+06 -1956.11
521963 4.2004e+06 -1956.21
525509 4.19562e+06 -1956.71
486161 4.24862e+06 -4834.36
529055 4.19084e+06 -1957.64
532601 4.18606e+06 -1959.08
536147 4.18128e+06 -1962.53
539692 4.1765e+06 -1966.46
502435 4.22666e+06 -5036.36
505981 4.22188e+06 -5039.61
509527 4.2171e+06 -5041.66
513073 4.21232e+06 -5042.91
516618 4.20754e+06 -5043.62
520164 4.20276e+06 -5043.89
523710 4.19798e+06 -5043.84
527256 4.19319e+06 -5043.28
530802 4.18841e+06 -5042.2
534348 4.18363e+06 -5040.34
537894 4.17885e+06 -5037.16
487973 4.24624e+06 -1995.81
490596 4.2427e+06 -2182.18
557799 4.15103e+06 0
567035 4.13894e+06 0
557729 4150959 -7000
566965 4138874 -7000
559250 4.14895e+06 0
560812 4.14695e+06 0
562381 4.14496e+06 0
563950 4.14297e+06 0
565500 4.14096e+06 0
559180 4.14888e+06 -7000
560742 4.14688e+06 -7000
562311 4.14489e+06 -7000
563880 4.1429e+06 -7000
565430 4.14089e+06 -7000
557775 4.15101e+06 -2333.33
557752 4.15098e+06 -4666.67
567012 4.13892e+06 -2333.33
566989 4.1389e+06 -4666.67
558634 4.1498e+06 -1169.35
566070 4.14008e+06 -5844.36
558706 4.14959e+06 -5613.37
561466 4.14602e+06 -4469.95
565995 4.14028e+06 -1395.03
563141 4.14395e+06 -2195.7
563054 4.144e+06 -4798.05
561646 4.14585e+06 -2048.38
558833 4.14946e+06 -3405.36
559904 4.14806e+06 -2143.65
565898 4.14035e+06 -3656.84
564977 4.14153e+06 -5146.42
564817 4.14181e+06 -2398.61
559731 4.14821e+06 -4864.27
562326 4.14495e+06 -3388.82
567035 4.13894e+06 0
647799 4065314 0
566965 4138874 -7000
647729 4065244 -7000
568830 4.13658e+06 0
570613 4.1342e+06 0
572437 4.13185e+06 0
574309 4.12954e+06 0
576651 4.12775e+06 0
578995 4.12597e+06 0
580772 4.12359e+06 0
582642 4.12128e+06 0
584615 4.11906e+06 0
586701 4.11695e+06 0
588789 4.11483e+06 0
590886 4.11272e+06 0
593076 4.11072e+06 0
595313 4.10876e+06 0
597545 4.1068e+06 0
600140 4.10538e+06 0
602733 4.10394e+06 0
605115 4.10216e+06 0
607485 4.10037e+06 0
609787 4.09849e+06 0
611825 4.09633e+06 0
613867 4.09417e+06 0
615933 4.09204e+06 0
618118 4.09002e+06 0
620351 4.08806e+06 0
622605 4.08613e+06 0
624885 4.08422e+06 0
627245 4.08241e+06 0
629510 4.08049e+06 0
631759 4.07855e+06 0
634009 4.07661e+06 0
636302 4.07472e+06 0
638679 4.07293e+06 0
640994 4.07107e+06 0
643282 4.06917e+06 0
645569 4.06728e+06 0
568760 4.13651e+06 -7000
570543 4.13413e+06 -7000
572367 4.13178e+06 -7000
574239 4.12947e+06 -7000
576581 4.12768e+06 -7000
578925 4.1259e+06 -7000
580702 4.12352e+06 -7000
582572 4.12121e+06 -7000
584544 4.11899e+06 -7000
586631 4.11688e+06 -7000
588719 4.11476e+06 -7000
590816 4.11265e+06 -7000
593006 4.11065e+06 -7000
595243 4.10869e+06 -7000
597475 4.10673e+06 -7000
600070 4.10531e+06 -7000
602663 4.10387e+06 -7000
605045 4.1021e+06 -7000
607415 4.1003e+06 -7000
609717 4.09842e+06 -7000
611755 4.09626e+06 -7000
613797 4.0941e+06 -7000
615863 4.09197e+06 -7000
618048 4.08995e+06 -7000
620281 4.08799e+06 -7000
622535 4.08606e+06 -7000
624815 4.08415e+06 -7000
627175 4.08234e+06 -7000
629440 4.08042e+06 -7000
631689 4.07848e+06 -7000
633939 4.07654e+06 -7000
636232 4.07465e+06 -7000
638609 4.07286e+06 -7000
640924 4.071e+06 -7000
643212 4.0691e+06 -7000
645499 4.06721e+06 -7000
566989 4.1389e+06 -4666.67
567012 4.13892e+06 -2333.33
647776 4.06529e+06 -2333.33
647752 4.06527e+06 -4666.67
567932 4.13774e+06 -1184.03
646632 4.06626e+06 -5819.86
646391 4.06657e+06 -1499.76
568296 4.13716e+06 -5512.82
577882 4.12696e+06 -2542.87
573345 4.13067e+06 -2565.07
596374 4.10778e+06 -2523.46
601229 4.10477e+06 -4426.08
614874 4.09308e+06 -2572.7
610763 4.09737e+06 -4426.98
589753 4.1138e+06 -2527.72
619181 4.089e+06 -4427.26
633052 4.07738e+06 -2585.54
585632 4.11798e+06 -2573.5
581593 4.1225e+06 -2540
623725 4.08512e+06 -2572.49
628355 4.08144e+06 -2573.06
637442 4.07379e+06 -4427.48
642091 4.07008e+06 -4426.81
606279 4.10125e+06 -2573.02
644406 4.0682e+06 -2180.91
579746 4.12479e+06 -4441.58
594009 4.10982e+06 -4463.93
630686 4.07939e+06 -4455.63
583516 4.12021e+06 -4457.37
587701 4.11584e+06 -4426.57
626315 4.08305e+06 -4496.49
571258 4.13323e+06 -4443.77
575394 4.12852e+06 -4449.36
639784 4.07203e+06 -2573.06
569500 4.13563e+06 -2347.03
621454 4.08707e+06 -2573.13
598858 4.10595e+06 -4489.17
608444 4.09955e+06 -2518.92
635233 4.07551e+06 -2385.49
612949 4.09509e+06 -2536.97
616822 4.09112e+06 -2504.99
603903 4.10302e+06 -2561.06
592015 4.11156e+06 -4443.08
646466 4.06646e+06 -3513.34
644685 4.06792e+06 -4828.71
568159 4.13739e+06 -3410.26
569507 4.13556e+06 -4928.8
634933 4.07572e+06 -4928.71
577783 4.12699e+06 -5008.48
575597 4.12842e+06 -1999.93
598784 4.10602e+06 -1982.13
579493 4.12519e+06 -1985.15
591798 4.11182e+06 -1981.32
573325 4.13065e+06 -5003.96
601539 4.10465e+06 -1969.3
616705 4.09118e+06 -4971.9
603871 4.10301e+06 -5031.26
596377 4.10773e+06 -5032.3
622572 4.08607e+06 -4544.61
608344 4.09959e+06 -4980.45
571518 4.13294e+06 -2045.67
612843 4.09515e+06 -5036.11
581673 4.12234e+06 -5030.4
637474 4.0738e+06 -1981.11
590198 4.1133e+06 -5035.81
619181 4.08905e+06 -1963.55
594078 4.10981e+06 -1962.61
614728 4.09318e+06 -5107.88
639502 4.07222e+06 -5002.86
626048 4.0833e+06 -1965.79
632832 4.07753e+06 -5027.84
605978 4.10143e+06 -4955.11
628281 4.08146e+06 -5032.88
610786 4.09739e+06 -1962.72
583608 4.12015e+06 -1966.81
630616 4.0795e+06 -1968.84
642120 4.0701e+06 -1991.69
587725 4.11587e+06 -1964.32
585605 4.11796e+06 -5034.35
620923 4.08748e+06 -4813.94
624343 4.08455e+06 -4920.15
647799 4065314 0
655102 4058485 0
647729 4065244 -7000
655032 4058415 -7000
649637 4.06362e+06 0
651495 4.06195e+06 0
653299 4.06022e+06 0
649567 4.06355e+06 -7000
651425 4.06188e+06 -7000
653229 4.06015e+06 -7000
647776 4.06529e+06 -2333.33
647752 4.06527e+06 -4666.67
655055 4.05844e+06 -4666.67
655079 4.05846e+06 -2333.33
648742 4.06431e+06 -5754.85
654153 4.05936e+06 -2016.54
648958 4.06419e+06 -1373.22
652540 4.06091e+06 -2039.55
653755 4.05967e+06 -5553.22
652256 4.06113e+06 -4601.64
648990 4.06412e+06 -3613.54
650518 4.06281e+06 -2288.29
653444 4.06e+06 -3720.06
650060 4.06316e+06 -4974.46
655102 4058485 0
727178 3977071 0
655032 4058415 -7000
727108 3977001 -7000
657198 4.05642e+06 0
659293 4.05436e+06 0
661384 4.0523e+06 0
663319 4.05008e+06 0
665254 4.04787e+06 0
667190 4.04566e+06 0
669125 4.04345e+06 0
671060 4.04123e+06 0
672995 4.03902e+06 0
674930 4.03681e+06 0
676865 4.0346e+06 0
678800 4.03238e+06 0
680735 4.03017e+06 0
682670 4.02796e+06 0
684606 4.02575e+06 0
686541 4.02353e+06 0
688476 4.02132e+06 0
690411 4.01911e+06 0
692346 4.0169e+06 0
694281 4.01468e+06 0
696216 4.01247e+06 0
698151 4.01026e+06 0
700086 4.00805e+06 0
702022 4.00583e+06 0
703957 4.00362e+06 0
705892 4.00141e+06 0
707827 3.9992e+06 0
709762 3.99698e+06 0
711697 3.99477e+06 0
713632 3.99256e+06 0
715567 3.99035e+06 0
717503 3.98813e+06 0
719438 3.98592e+06 0
721373 3.98371e+06 0
723308 3.9815e+06 0
725243 3.97928e+06 0
657128 4.05635e+06 -7000
659223 4.05429e+06 -7000
661314 4.05223e+06 -7000
663249 4.05001e+06 -7000
665184 4.0478e+06 -7000
667120 4.04559e+06 -7000
669055 4.04338e+06 -7000
670990 4.04116e+06 -7000
672925 4.03895e+06 -7000
674860 4.03674e+06 -7000
676795 4.03453e+06 -7000
678730 4.03231e+06 -7000
680665 4.0301e+06 -7000
682600 4.02789e+06 -7000
684536 4.02568e+06 -7000
686471 4.02346e+06 -7000
688406 4.02125e+06 -7000
690341 4.01904e+06 -7000
692276 4.01683e+06 -7000
694211 4.01461e+06 -7000
696146 4.0124e+06 -7000
698081 4.01019e+06 -7000
700016 4.00798e+06 -7000
701952 4.00576e+06 -7000
703887 4.00355e+06 -7000
705822 4.00134e+06 -7000
707757 3.99913e+06 -7000
709692 3.99691e+06 -7000
711627 3.9947e+06 -7000
713562 3.99249e+06 -7000
715497 3.99028e+06 -7000
717433 3.98806e+06 -7000
719368 3.98585e+06 -7000
721303 3.98364e+06 -7000
723238 3.98143e+06 -7000
725173 3.97921e+06 -7000
655079 4.05846e+06 -2333.33
655055 4.05844e+06 -4666.67
727155 3.97705e+06 -2333.33
727131 3.97702e+06 -4666.67
656537 4.05696e+06 -5694.35
725911 3.97849e+06 -1253.94
725589 3.97877e+06 -5489.71
656798 4.05679e+06 -1468.88
722574 3.98224e+06 -4466.65
660294 4.05329e+06 -4454.91
681676 4.02904e+06 -2545.32
677885 4.03334e+06 -4444.33
693287 4.01577e+06 -2545.32
718443 3.987e+06 -2545.33
712622 3.99362e+06 -4454.67
666195 4.04674e+06 -2545.32
706832 4.00028e+06 -2545.33
673919 4.03787e+06 -4454.67
685546 4.02462e+06 -2545.32
689400 4.02017e+06 -4454.67
697157 4.01134e+06 -2545.32
703086 4.00452e+06 -4440.71
669883 4.04248e+06 -4441.25
683595 4.02681e+06 -4454.67
710703 3.99585e+06 -2545.33
701077 4.00686e+06 -2509.08
662067 4.05146e+06 -2579.46
664094 4.0491e+06 -4479.63
675870 4.03568e+06 -2545.32
714573 3.99143e+06 -2545.33
716492 3.98919e+06 -4454.67
708752 3.99804e+06 -4454.67
699098 4.00908e+06 -4481.92
671925 4.04019e+06 -2519.94
695206 4.01353e+06 -4454.67
720558 3.98455e+06 -4423.97
691198 4.01811e+06 -4503.5
704843 4.00251e+06 -4487.87
679625 4.03135e+06 -4483.83
687586 4.02224e+06 -4514.12
668066 4.04456e+06 -4619.19
724545 3.97998e+06 -4927.35
658296 4.05525e+06 -4849.84
725813 3.97856e+06 -3501.91
656446 4.0571e+06 -3347.15
658049 4.05555e+06 -2049.56
659673 4.05394e+06 -2402.34
724430 3.98017e+06 -1984.45
668272 4.04438e+06 -2080.11
704903 4.0025e+06 -2002.93
687669 4.0222e+06 -2043.96
720384 3.9848e+06 -2023.45
691173 4.01819e+06 -2037.73
662303 4.05114e+06 -4980.61
664266 4.04896e+06 -2002.41
673941 4.0379e+06 -1986.55
693265 4.01574e+06 -5017.17
681654 4.02901e+06 -5016.26
712644 3.99365e+06 -1990.12
718421 3.98698e+06 -4997.65
671978 4.04008e+06 -5011.85
675849 4.03565e+06 -5014.37
683617 4.02683e+06 -1983.32
695228 4.01356e+06 -1982.96
699098 4.00913e+06 -1983.39
708773 3.99807e+06 -1986.69
701005 4.00689e+06 -5016.34
710681 3.99583e+06 -5012.05
714551 3.9914e+06 -5007.36
716514 3.98922e+06 -1997.31
722449 3.98243e+06 -2062.68
685524 4.02459e+06 -5016.86
670071 4.04232e+06 -1989.89
679747 4.03126e+06 -1984.11
702968 4.00471e+06 -1984.22
706810 4.00025e+06 -5014.52
677812 4.03347e+06 -1984.71
697135 4.01131e+06 -5016.92
666173 4.04671e+06 -5002.7
689433 4.02019e+06 -1933.53
482024 4254142 -7000
557729 4150959 -7000
481954 4254072 -14000
557659 4150889 -14000
483797 4.25175e+06 -7000
485570 4.24936e+06 -7000
487343 4.24697e+06 -7000
489116 4.24458e+06 -7000
490889 4.24219e+06 -7000
492662 4.2398e+06 -7000
494435 4.23741e+06 -7000
496208 4.23502e+06 -7000
497981 4.23263e+06 -7000
499754 4.23023e+06 -7000
501527 4.22784e+06 -7000
503300 4.22545e+06 -7000
505072 4.22306e+06 -7000
506845 4.22067e+06 -7000
508618 4.21828e+06 -7000
510391 4.21589e+06 -7000
512164 4.2135e+06 -7000
513937 4.21111e+06 -7000
515710 4.20872e+06 -7000
517483 4.20633e+06 -7000
519256 4.20394e+06 -7000
521029 4.20155e+06 -7000
522802 4.19915e+06 -7000
524575 4.19676e+06 -7000
526348 4.19437e+06 -7000
528120 4.19198e+06 -7000
529893 4.18959e+06 -7000
531666 4.1872e+06 -7000
533439 4.18481e+06 -7000
535212 4.18242e+06 -7000
536985 4.18003e+06 -7000
538758 4.17764e+06 -7000
540531 4.17525e+06 -7000
542304 4.17286e+06 -7000
544077 4.17047e+06 -7000
545844 4.16807e+06 -7000
547594 4.16566e+06 -7000
549278 4.16321e+06 -7000
550956 4.16075e+06 -7000
552633 4.15829e+06 -7000
554321 4.15584e+06 -7000
556025 4.1534e+06 -7000
483727 4.25168e+06 -14000
485500 4.24929e+06 -14000
487273 4.2469e+06 -14000
489046 4.24451e+06 -14000
490819 4.24212e+06 -14000
492592 4.23973e+06 -14000
494365 4.23734e+06 -14000
496138 4.23495e+06 -14000
497911 4.23256e+06 -14000
499684 4.23016e+06 -14000
501457 4.22777e+06 -14000
503230 4.22538e+06 -14000
505002 4.22299e+06 -14000
506775 4.2206e+06 -14000
508548 4.21821e+06 -14000
510321 4.21582e+06 -14000
512094 4.21343e+06 -14000
513867 4.21104e+06 -14000
515640 4.20865e+06 -14000
517413 4.20626e+06 -14000
519186 4.20387e+06 -14000
520959 4.20148e+06 -14000
522732 4.19908e+06 -14000
524505 4.19669e+06 -14000
526278 4.1943e+06 -14000
528050 4.19191e+06 -14000
529823 4.18952e+06 -14000
531596 4.18713e+06 -14000
533369 4.18474e+06 -14000
535142 4.18235e+06 -14000
536915 4.17996e+06 -14000
538688 4.17757e+06 -14000
540461 4.17518e+06 -14000
542234 4.17279e+06 -14000
544007 4.1704e+06 -14000
545774 4.168e+06 -14000
547524 4.16559e+06 -14000
549208 4.16314e+06 -14000
550886 4.16068e+06 -14000
552563 4.15822e+06 -14000
554251 4.15577e+06 -14000
555955 4.15333e+06 -14000
482001 4.25412e+06 -9333.33
481978 4.2541e+06 -11666.7
557705 4.15094e+06 -9333.33
557682 4.15091e+06 -11666.7
483012 4.25267e+06 -12796.6
556832 4.15221e+06 -8192.36
483313 4.25237e+06 -8490.71
486428 4.24814e+06 -9577.39
556202 4.15301e+06 -12385.4
553428 4.15702e+06 -11422.6
538163 4.17838e+06 -9598.05
545508 4.16842e+06 -11499.9
489696 4.24374e+06 -9593.72
493159 4.23907e+06 -9612.86
496755 4.23422e+06 -9600.28
500183 4.22959e+06 -9588.91
504035 4.2244e+06 -9437.26
507654 4.21952e+06 -9514.43
511249 4.21467e+06 -9577.39
514795 4.20989e+06 -9577.39
518340 4.20511e+06 -9577.39
521886 4.20033e+06 -9577.39
525432 4.19555e+06 -9577.39
529000 4.19074e+06 -9543.24
532616 4.18586e+06 -9467.89
541171 4.17433e+06 -9387.72
548674 4.16403e+06 -9525.17
550408 4.16145e+06 -11396.7
539770 4.17616e+06 -11667.8
539816 4.17616e+06 -9324.93
534440 4.18336e+06 -11415.4
516555 4.20747e+06 -11422.6
513010 4.21226e+06 -11422.6
509438 4.21707e+06 -11456.6
505831 4.22193e+06 -11519.8
502184 4.22685e+06 -11583.3
498514 4.23179e+06 -11782.6
494909 4.23666e+06 -11751.6
491342 4.24147e+06 -11640.9
487958 4.24604e+06 -11457.9
551947 4.15923e+06 -9541.51
520101 4.20269e+06 -11422.6
523647 4.19791e+06 -11422.6
527193 4.19313e+06 -11422.6
530781 4.18829e+06 -11484.5
547050 4.16632e+06 -11694.3
543431 4.17123e+06 -11630
555238 4.15441e+06 -11891.1
536000 4.18125e+06 -11478
498633 4.23169e+06 -9423.04
495184 4.23634e+06 -9423
491773 4.24094e+06 -9409.38
484374 4.25092e+06 -9094.15
488411 4.24547e+06 -9416.04
547090 4.16632e+06 -9378.15
551658 4.15961e+06 -11585.4
483251 4.2524e+06 -10668.1
556537 4.15258e+06 -10505
555258 4.15444e+06 -9333.8
484568 4.2506e+06 -11848.8
536076 4.18121e+06 -8992.35
541639 4.17364e+06 -11712.6
544076 4.17041e+06 -9412
548389 4.16438e+06 -12010.1
553435 4.15706e+06 -9203.26
550033 4.16205e+06 -9123.12
537824 4.17878e+06 -12037.6
532505 4.18595e+06 -12041.6
528959 4.19073e+06 -12042.9
525413 4.19551e+06 -12043.6
521867 4.2003e+06 -12043.9
518321 4.20508e+06 -12043.8
514776 4.20986e+06 -12043.3
511230 4.21464e+06 -12042.3
507684 4.21942e+06 -12040.7
504138 4.2242e+06 -12038.1
500592 4.22899e+06 -12034
497047 4.23377e+06 -12026.7
493501 4.23855e+06 -12011.8
489955 4.24333e+06 -11973
534304 4.1836e+06 -8959.94
530758 4.18838e+06 -8958.37
486190 4.24841e+06 -11813
527212 4.19316e+06 -8957.08
523666 4.19794e+06 -8956.37
520120 4.20272e+06 -8956.11
516574 4.20751e+06 -8956.16
513029 4.21229e+06 -8956.7
509483 4.21707e+06 -8957.72
505937 4.22185e+06 -8959.46
502391 4.22663e+06 -8962.34
545397 4.16863e+06 -9159.87
542681 4.17229e+06 -9388.07
557729 4150959 -7000
566965 4138874 -7000
557659 4150889 -14000
566895 4138804 -14000
559180 4.14888e+06 -7000
560742 4.14688e+06 -7000
562311 4.14489e+06 -7000
563880 4.1429e+06 -7000
565430 4.14089e+06 -7000
559110 4.14881e+06 -14000
560672 4.14681e+06 -14000
562241 4.14482e+06 -14000
563810 4.14283e+06 -14000
565360 4.14082e+06 -14000
557682 4.15091e+06 -11666.7
557705 4.15094e+06 -9333.33
566919 4.13883e+06 -11666.7
566942 4.13885e+06 -9333.33
566110 4.13997e+06 -8147.45
558505 4.14971e+06 -12791.8
558647 4.14961e+06 -8453.83
561416 4.14597e+06 -9523.73
565905 4.14014e+06 -12445.9
563050 4.14384e+06 -11804.3
561490 4.14582e+06 -11955.1
563010 4.14395e+06 -9203.25
558712 4.14946e+06 -10608.7
559708 4.14808e+06 -11894.6
565939 4.14015e+06 -10296.6
564950 4.14148e+06 -8866.96
564728 4.14171e+06 -11606
559604 4.14828e+06 -9110.19
562254 4.14488e+06 -10606.9
566965 4138874 -7000
647729 4065244 -7000
566895 4138804 -14000
647659 4065174 -14000
568760 4.13651e+06 -7000
570543 4.13413e+06 -7000
572367 4.13178e+06 -7000
574239 4.12947e+06 -7000
576581 4.12768e+06 -7000
578925 4.1259e+06 -7000
580702 4.12352e+06 -7000
582572 4.12121e+06 -7000
584544 4.11899e+06 -7000
586631 4.11688e+06 -7000
588719 4.11476e+06 -7000
590816 4.11265e+06 -7000
593006 4.11065e+06 -7000
595243 4.10869e+06 -7000
597475 4.10673e+06 -7000
600070 4.10531e+06 -7000
602663 4.10387e+06 -7000
605045 4.1021e+06 -7000
607415 4.1003e+06 -7000
609717 4.09842e+06 -7000
611755 4.09626e+06 -7000
613797 4.0941e+06 -7000
615863 4.09197e+06 -7000
618048 4.08995e+06 -7000
620281 4.08799e+06 -7000
622535 4.08606e+06 -7000
624815 4.08415e+06 -7000
627175 4.08234e+06 -7000
629440 4.08042e+06 -7000
631689 4.07848e+06 -7000
633939 4.07654e+06 -7000
636232 4.07465e+06 -7000
638609 4.07286e+06 -7000
640924 4.071e+06 -7000
643212 4.0691e+06 -7000
645499 4.06721e+06 -7000
568690 4.13644e+06 -14000
570473 4.13406e+06 -14000
572297 4.13171e+06 -14000
574169 4.1294e+06 -14000
576511 4.12761e+06 -14000
578855 4.12583e+06 -14000
580632 4.12345e+06 -14000
582502 4.12114e+06 -14000
584475 4.11892e+06 -14000
586561 4.11681e+06 -14000
588649 4.11469e+06 -14000
590746 4.11258e+06 -14000
592936 4.11058e+06 -14000
595173 4.10862e+06 -14000
597405 4.10666e+06 -14000
600000 4.10524e+06 -14000
602593 4.1038e+06 -14000
604975 4.10202e+06 -14000
607345 4.10023e+06 -14000
609647 4.09835e+06 -14000
611685 4.09619e+06 -14000
613727 4.09403e+06 -14000
615793 4.0919e+06 -14000
617978 4.08988e+06 -14000
620211 4.08792e+06 -14000
622465 4.08599e+06 -14000
624745 4.08408e+06 -14000
627105 4.08227e+06 -14000
629370 4.08035e+06 -14000
631619 4.07841e+06 -14000
633869 4.07647e+06 -14000
636162 4.07458e+06 -14000
638539 4.07279e+06 -14000
640854 4.07093e+06 -14000
643142 4.06903e+06 -14000
645429 4.06714e+06 -14000
566942 4.13885e+06 -9333.33
566919 4.13883e+06 -11666.7
647706 4.06522e+06 -9333.33
647682 4.0652e+06 -11666.7
646614 4.06623e+06 -8283.72
646252 4.06648e+06 -12441.8
567932 4.13747e+06 -12566.9
568218 4.13719e+06 -8498.75
577640 4.12699e+06 -11484.7
573088 4.13079e+06 -11461.1
596288 4.10773e+06 -9491.98
601162 4.1047e+06 -11426.2
639690 4.07194e+06 -11427.5
614808 4.093e+06 -9633.1
610635 4.09736e+06 -11481.6
589802 4.11361e+06 -9573.04
619111 4.08893e+06 -11427.3
632869 4.07741e+06 -9540.15
585342 4.11809e+06 -11407.1
581396 4.12259e+06 -9555.53
623688 4.08498e+06 -11457.6
628452 4.08119e+06 -11413.6
606241 4.10115e+06 -9546.41
644305 4.06811e+06 -11814.2
642045 4.07003e+06 -9573.19
571203 4.13319e+06 -9555.51
593938 4.10975e+06 -11463.8
621431 4.08696e+06 -9541.47
575090 4.12866e+06 -9492.4
635017 4.07552e+06 -11427.6
626116 4.08311e+06 -9504.82
637399 4.07373e+06 -9572.52
569415 4.13552e+06 -11654.5
587650 4.11579e+06 -9531.69
579733 4.12469e+06 -9484.32
598788 4.10588e+06 -11490.5
630678 4.07926e+06 -11645
608373 4.09948e+06 -9519.01
612879 4.09502e+06 -9537.08
616732 4.09107e+06 -9487.52
603833 4.10295e+06 -9558.7
583544 4.12002e+06 -11527
592145 4.11131e+06 -11501.2
646419 4.06637e+06 -10498.4
568087 4.13732e+06 -10579.5
644596 4.06792e+06 -9147.9
569406 4.1356e+06 -9069.96
579397 4.12509e+06 -11982
577749 4.12695e+06 -8992.75
575491 4.12833e+06 -11999.9
630362 4.07959e+06 -9049.12
588836 4.11455e+06 -11535.8
583537 4.12008e+06 -8998.18
598713 4.10595e+06 -8983.99
591728 4.11175e+06 -8981.26
573281 4.13061e+06 -8994.41
601469 4.10458e+06 -8967.88
616636 4.09111e+06 -11972
603801 4.10294e+06 -12029.2
596307 4.10766e+06 -12033.4
608274 4.09952e+06 -11980.5
642016 4.07001e+06 -12007.8
571423 4.13284e+06 -11952.4
635051 4.07554e+06 -8975.79
612773 4.09508e+06 -12036.2
581828 4.12199e+06 -11965.8
637367 4.07371e+06 -12018.1
639468 4.07217e+06 -8996.68
619111 4.08898e+06 -8963.36
594008 4.10974e+06 -8962.33
614583 4.09319e+06 -12122.8
623742 4.08498e+06 -8964.57
625942 4.0832e+06 -12033.9
632762 4.07746e+06 -12028.1
605926 4.10135e+06 -11954.9
628245 4.08142e+06 -8967.12
610716 4.09732e+06 -8962.62
621356 4.08697e+06 -12035.9
585565 4.11792e+06 -8965.19
587136 4.11627e+06 -11908
590600 4.11277e+06 -11546.3
580654 4.12349e+06 -11044.2
647729 4065244 -7000
655032 4058415 -7000
647659 4065174 -14000
654962 4058345 -14000
649567 4.06355e+06 -7000
651425 4.06188e+06 -7000
653229 4.06015e+06 -7000
649497 4.06348e+06 -14000
651355 4.06181e+06 -14000
653159 4.06008e+06 -14000
647706 4.06522e+06 -9333.33
647682 4.0652e+06 -11666.7
655009 4.05839e+06 -9333.33
654985 4.05837e+06 -11666.7
648636 4.06428e+06 -12851.7
654083 4.05929e+06 -9017.9
648921 4.06409e+06 -8506.06
652472 4.06083e+06 -9040.32
653702 4.05958e+06 -12540.9
652207 4.06104e+06 -11630.7
648930 4.06404e+06 -10662.5
650480 4.06272e+06 -9320.32
650008 4.06307e+06 -12137.1
653373 4.05994e+06 -10720
655032 4058415 -7000
727108 3977001 -7000
654962 4058345 -14000
727038 3976931 -14000
657128 4.05635e+06 -7000
659223 4.05429e+06 -7000
661314 4.05223e+06 -7000
663249 4.05001e+06 -7000
665184 4.0478e+06 -7000
667120 4.04559e+06 -7000
669055 4.04338e+06 -7000
670990 4.04116e+06 -7000
672925 4.03895e+06 -7000
674860 4.03674e+06 -7000
676795 4.03453e+06 -7000
678730 4.03231e+06 -7000
680665 4.0301e+06 -7000
682600 4.02789e+06 -7000
684536 4.02568e+06 -7000
686471 4.02346e+06 -7000
688406 4.02125e+06 -7000
690341 4.01904e+06 -7000
692276 4.01683e+06 -7000
694211 4.01461e+06 -7000
696146 4.0124e+06 -7000
698081 4.01019e+06 -7000
700016 4.00798e+06 -7000
701952 4.00576e+06 -7000
703887 4.00355e+06 -7000
705822 4.00134e+06 -7000
707757 3.99913e+06 -7000
709692 3.99691e+06 -7000
711627 3.9947e+06 -7000
713562 3.99249e+06 -7000
715497 3.99028e+06 -7000
717433 3.98806e+06 -7000
719368 3.98585e+06 -7000
721303 3.98364e+06 -7000
723238 3.98143e+06 -7000
725173 3.97921e+06 -7000
657058 4.05628e+06 -14000
659153 4.05422e+06 -14000
661244 4.05216e+06 -14000
663179 4.04994e+06 -14000
665114 4.04773e+06 -14000
667049 4.04552e+06 -14000
668985 4.04331e+06 -14000
670920 4.04109e+06 -14000
672855 4.03888e+06 -14000
674790 4.03667e+06 -14000
676725 4.03446e+06 -14000
678660 4.03224e+06 -14000
680595 4.03003e+06 -14000
682530 4.02782e+06 -14000
684466 4.02561e+06 -14000
686401 4.02339e+06 -14000
688336 4.02118e+06 -14000
690271 4.01897e+06 -14000
692206 4.01676e+06 -14000
694141 4.01454e+06 -14000
696076 4.01233e+06 -14000
698011 4.01012e+06 -14000
699946 4.00791e+06 -14000
701882 4.00569e+06 -14000
703817 4.00348e+06 -14000
705752 4.00127e+06 -14000
707687 3.99906e+06 -14000
709622 3.99684e+06 -14000
711557 3.99463e+06 -14000
713492 3.99242e+06 -14000
715427 3.99021e+06 -14000
717363 3.98799e+06 -14000
719298 3.98578e+06 -14000
721233 3.98357e+06 -14000
723168 3.98136e+06 -14000
725103 3.97914e+06 -14000
655009 4.05839e+06 -9333.33
654985 4.05837e+06 -11666.7
727085 3.97698e+06 -9333.33
727061 3.97695e+06 -11666.7
656305 4.05705e+06 -12749.1
725842 3.97842e+06 -8252.6
725518 3.9787e+06 -12477.4
656699 4.05674e+06 -8561.91
659768 4.05371e+06 -9536.56
722600 3.98206e+06 -11444.2
718601 3.98663e+06 -11504.4
714653 3.99114e+06 -11505.5
710735 3.99562e+06 -11505.8
706831 4.00009e+06 -11506.1
702935 4.00454e+06 -11506.5
699043 4.00899e+06 -11506.7
695153 4.01344e+06 -11507
691265 4.01789e+06 -11483
687384 4.02232e+06 -11482.7
683502 4.02676e+06 -11482.4
679619 4.0312e+06 -11482.1
675733 4.03565e+06 -11481.8
671843 4.04009e+06 -11481.5
667944 4.04455e+06 -11481.3
663987 4.04908e+06 -11442.2
697116 4.01124e+06 -9493.16
701007 4.00679e+06 -9493.41
704901 4.00234e+06 -9493.75
708800 3.99788e+06 -9494
712710 3.99341e+06 -9494.5
716640 3.98892e+06 -9495.13
720619 3.98437e+06 -9498.17
693226 4.01569e+06 -9506.21
689342 4.02013e+06 -9517.18
685460 4.02457e+06 -9517.44
681578 4.029e+06 -9517.77
677694 4.03345e+06 -9518.11
673806 4.03789e+06 -9518.27
669912 4.04234e+06 -9518.62
666004 4.04681e+06 -9519.2
661652 4.05174e+06 -11654
724420 3.97997e+06 -11903.6
657861 4.05559e+06 -9128.06
725743 3.97849e+06 -10501.9
656494 4.0569e+06 -10640.1
657877 4.05552e+06 -12055.2
724362 3.9801e+06 -8959.03
662482 4.05085e+06 -9203.55
659792 4.05363e+06 -11972.4
664196 4.04889e+06 -9002.42
666103 4.04664e+06 -12002.8
668066 4.04446e+06 -8992.63
669973 4.04222e+06 -12009.9
671936 4.04004e+06 -8987.93
673844 4.03779e+06 -12013.3
675806 4.03561e+06 -8985.48
677714 4.03337e+06 -12015.2
679677 4.03119e+06 -8984.11
681584 4.02894e+06 -12016.3
683547 4.02676e+06 -8983.33
685454 4.02452e+06 -12016.9
687417 4.02234e+06 -8982.92
689324 4.02009e+06 -12017.2
691287 4.01791e+06 -8982.81
693195 4.01567e+06 -12017.2
695158 4.01349e+06 -8982.95
697065 4.01124e+06 -12016.9
699028 4.00906e+06 -8983.39
700935 4.00682e+06 -12016.3
702898 4.00464e+06 -8984.21
704805 4.00239e+06 -12015.3
706768 4.00021e+06 -8985.64
708676 3.99797e+06 -12013.5
710639 3.99579e+06 -8988.13
712546 3.99354e+06 -12010.1
714509 3.99136e+06 -8992.95
716416 3.98912e+06 -12003.4
718379 3.98694e+06 -9004.48
720287 3.98469e+06 -11991.1
722490 3.98224e+06 -9056.87
481954 4254072 -14000
557659 4150889 -14000
481884 4254002 -21000
557589 4.15082e+06 -21000
483727 4.25168e+06 -14000
485500 4.24929e+06 -14000
487273 4.2469e+06 -14000
489046 4.24451e+06 -14000
490819 4.24212e+06 -14000
492592 4.23973e+06 -14000
494365 4.23734e+06 -14000
496138 4.23495e+06 -14000
497911 4.23256e+06 -14000
499684 4.23016e+06 -14000
501457 4.22777e+06 -14000
503230 4.22538e+06 -14000
505002 4.22299e+06 -14000
506775 4.2206e+06 -14000
508548 4.21821e+06 -14000
510321 4.21582e+06 -14000
512094 4.21343e+06 -14000
513867 4.21104e+06 -14000
515640 4.20865e+06 -14000
517413 4.20626e+06 -14000
519186 4.20387e+06 -14000
520959 4.20148e+06 -14000
522732 4.19908e+06 -14000
524505 4.19669e+06 -14000
526278 4.1943e+06 -14000
528050 4.19191e+06 -14000
529823 4.18952e+06 -14000
531596 4.18713e+06 -14000
533369 4.18474e+06 -14000
535142 4.18235e+06 -14000
536915 4.17996e+06 -14000
538688 4.17757e+06 -14000
540461 4.17518e+06 -14000
542234 4.17279e+06 -14000
544007 4.1704e+06 -14000
545774 4.168e+06 -14000
547524 4.16559e+06 -14000
549208 4.16314e+06 -14000
550886 4.16068e+06 -14000
552563 4.15822e+06 -14000
554251 4.15577e+06 -14000
555955 4.15333e+06 -14000
483657 4.25161e+06 -21000
485430 4.24922e+06 -21000
487203 4.24683e+06 -21000
488976 4.24444e+06 -21000
490749 4.24205e+06 -21000
492522 4.23966e+06 -21000
494295 4.23727e+06 -21000
496068 4.23488e+06 -21000
497841 4.23249e+06 -21000
499614 4.23009e+06 -21000
501387 4.2277e+06 -21000
503160 4.22531e+06 -21000
504932 4.22292e+06 -21000
506705 4.22053e+06 -21000
508478 4.21814e+06 -21000
510251 4.21575e+06 -21000
512024 4.21336e+06 -21000
513797 4.21097e+06 -21000
515570 4.20858e+06 -21000
517343 4.20619e+06 -21000
519116 4.2038e+06 -21000
520889 4.20141e+06 -21000
522662 4.19901e+06 -21000
524435 4.19662e+06 -21000
526208 4.19423e+06 -21000
527980 4.19184e+06 -21000
529753 4.18945e+06 -21000
531526 4.18706e+06 -21000
533299 4.18467e+06 -21000
535072 4.18228e+06 -21000
536845 4.17989e+06 -21000
538618 4.1775e+06 -21000
540391 4.17511e+06 -21000
542164 4.17272e+06 -21000
543937 4.17033e+06 -21000
545704 4.16793e+06 -21000
547454 4.16552e+06 -21000
549138 4.16307e+06 -21000
550816 4.16061e+06 -21000
552493 4.15815e+06 -21000
554181 4.1557e+06 -21000
555885 4.15326e+06 -21000
481931 4.25405e+06 -16333.3
481908 4.25403e+06 -18666.7
557635 4.15087e+06 -16333.3
557612 4.15084e+06 -18666.7
483120 4.25237e+06 -19662.8
556582 4.1524e+06 -15256.7
556229 4.1528e+06 -19447.9
483383 4.25211e+06 -15539.9
545034 4.1689e+06 -18500.7
541489 4.17369e+06 -18469.5
487770 4.24617e+06 -16624
491401 4.24128e+06 -16471.1
495091 4.2363e+06 -16514.6
498768 4.23134e+06 -16577.4
502314 4.22656e+06 -16577.4
511179 4.2146e+06 -16577.4
514725 4.20982e+06 -16577.4
518270 4.20504e+06 -16577.4
507569 4.21947e+06 -16541.2
521816 4.20026e+06 -16577.4
534227 4.18352e+06 -16577.4
537724 4.17881e+06 -16274.7
530821 4.18807e+06 -18411.7
525374 4.19546e+06 -16542.9
548279 4.16443e+06 -16556.7
553516 4.15672e+06 -18402.8
539853 4.17589e+06 -18511.1
543322 4.17126e+06 -16472.5
549986 4.16189e+06 -18422.6
528963 4.19062e+06 -16515.6
504192 4.22398e+06 -18415.7
500529 4.22892e+06 -18422.6
496914 4.23379e+06 -18455.2
493233 4.23876e+06 -18509.9
489565 4.2437e+06 -18513.1
551695 4.15943e+06 -16577.4
486209 4.24823e+06 -18514.3
509368 4.217e+06 -18455.8
512940 4.21219e+06 -18422.6
516485 4.2074e+06 -18422.6
520031 4.20262e+06 -18422.6
523577 4.19784e+06 -18422.6
527147 4.19302e+06 -18485.6
535988 4.18111e+06 -18422.6
505848 4.22175e+06 -18422.6
532416 4.18592e+06 -18447.1
546749 4.16661e+06 -16551.3
555266 4.1542e+06 -18870.6
484435 4.25061e+06 -18958.6
556467 4.15251e+06 -17505
483172 4.25234e+06 -17641
484359 4.25078e+06 -16082.8
485760 4.24888e+06 -16450.5
555185 4.15438e+06 -16086.2
540503 4.17507e+06 -16361.3
532461 4.18592e+06 -15973.8
544987 4.16903e+06 -15967.4
546750 4.16655e+06 -18975.9
548319 4.16431e+06 -19026.9
553361 4.157e+06 -16044.5
551678 4.1594e+06 -19015.4
549884 4.1621e+06 -15981.1
543072 4.17154e+06 -19035.1
534208 4.18349e+06 -19039.3
518251 4.20501e+06 -19040.6
491658 4.24087e+06 -19026
514706 4.20979e+06 -19040.4
536007 4.18114e+06 -15961.3
511160 4.21457e+06 -19040.1
498749 4.23131e+06 -19036.1
495204 4.23609e+06 -19032.8
489910 4.2433e+06 -15978.4
516504 4.20744e+06 -15959.4
512959 4.21222e+06 -15959.6
488112 4.24565e+06 -19004.9
493456 4.23852e+06 -15969.4
497002 4.23373e+06 -15964.9
520050 4.20265e+06 -15959.4
500548 4.22895e+06 -15962.5
537849 4.17858e+06 -18858.3
521797 4.20023e+06 -19040.6
509413 4.217e+06 -15960
502295 4.22652e+06 -19038
530688 4.18831e+06 -15960.1
507614 4.21935e+06 -19039.5
505683 4.22203e+06 -16011.7
523596 4.19787e+06 -15959.5
504094 4.22417e+06 -15961.1
528889 4.19066e+06 -19040.2
525343 4.19544e+06 -19040.5
527142 4.19309e+06 -15959.7
539141 4.1769e+06 -16236
541903 4.17318e+06 -16147.4
557659 4150889 -14000
566895 4138804 -14000
557589 4.15082e+06 -21000
566825 4.13873e+06 -21000
559110 4.14881e+06 -14000
560672 4.14681e+06 -14000
562241 4.14482e+06 -14000
563810 4.14283e+06 -14000
565360 4.14082e+06 -14000
559040 4.14874e+06 -21000
560602 4.14674e+06 -21000
562171 4.14475e+06 -21000
563740 4.14276e+06 -21000
565290 4.14075e+06 -21000
557635 4.15087e+06 -16333.3
557612 4.15084e+06 -18666.7
566872 4.13878e+06 -16333.3
566849 4.13876e+06 -18666.7
565991 4.13997e+06 -15217
558451 4.14961e+06 -19764.9
565851 4.14005e+06 -19552.2
563081 4.14365e+06 -18566.9
558579 4.14953e+06 -15456.4
561293 4.14597e+06 -16557.4
561454 4.14571e+06 -18960.2
562890 4.14395e+06 -16178.5
565770 4.14021e+06 -17377.4
564755 4.14157e+06 -16142.1
558646 4.14939e+06 -17613.8
559650 4.148e+06 -18908.7
559542 4.1482e+06 -16112.7
564853 4.14138e+06 -18920.3
562180 4.14482e+06 -17570
566895 4138804 -14000
647659 4065174 -14000
566825 4.13873e+06 -21000
647589 4065104 -21000
568690 4.13644e+06 -14000
570473 4.13406e+06 -14000
572297 4.13171e+06 -14000
574169 4.1294e+06 -14000
576511 4.12761e+06 -14000
578855 4.12583e+06 -14000
580632 4.12345e+06 -14000
582502 4.12114e+06 -14000
584475 4.11892e+06 -14000
586561 4.11681e+06 -14000
588649 4.11469e+06 -14000
590746 4.11258e+06 -14000
592936 4.11058e+06 -14000
595173 4.10862e+06 -14000
597405 4.10666e+06 -14000
600000 4.10524e+06 -14000
602593 4.1038e+06 -14000
604975 4.10202e+06 -14000
607345 4.10023e+06 -14000
609647 4.09835e+06 -14000
611685 4.09619e+06 -14000
613727 4.09403e+06 -14000
615793 4.0919e+06 -14000
617978 4.08988e+06 -14000
620211 4.08792e+06 -14000
622465 4.08599e+06 -14000
624745 4.08408e+06 -14000
627105 4.08227e+06 -14000
629370 4.08035e+06 -14000
631619 4.07841e+06 -14000
633869 4.07647e+06 -14000
636162 4.07458e+06 -14000
638539 4.07279e+06 -14000
640854 4.07093e+06 -14000
643142 4.06903e+06 -14000
645429 4.06714e+06 -14000
568620 4.13637e+06 -21000
570403 4.13399e+06 -21000
572227 4.13164e+06 -21000
574099 4.12933e+06 -21000
576441 4.12754e+06 -21000
578785 4.12576e+06 -21000
580562 4.12338e+06 -21000
582432 4.12107e+06 -21000
584404 4.11885e+06 -21000
586491 4.11674e+06 -21000
588579 4.11462e+06 -21000
590676 4.11251e+06 -21000
592866 4.11051e+06 -21000
595103 4.10855e+06 -21000
597335 4.10659e+06 -21000
599930 4.10517e+06 -21000
602523 4.10373e+06 -21000
604905 4.10195e+06 -21000
607275 4.10016e+06 -21000
609577 4.09828e+06 -21000
611615 4.09612e+06 -21000
613657 4.09396e+06 -21000
615723 4.09183e+06 -21000
617908 4.08981e+06 -21000
620141 4.08785e+06 -21000
622395 4.08592e+06 -21000
624675 4.08401e+06 -21000
627035 4.0822e+06 -21000
629300 4.08028e+06 -21000
631549 4.07834e+06 -21000
633799 4.0764e+06 -21000
636092 4.07451e+06 -21000
638469 4.07272e+06 -21000
640784 4.07086e+06 -21000
643072 4.06896e+06 -21000
645359 4.06707e+06 -21000
566872 4.13878e+06 -16333.3
566849 4.13876e+06 -18666.7
647636 4.06515e+06 -16333.3
647612 4.06513e+06 -18666.7
646548 4.06616e+06 -15177
646215 4.06638e+06 -19472
567862 4.1374e+06 -19563.8
568148 4.13712e+06 -15499.5
577750 4.12681e+06 -16542.2
573038 4.1307e+06 -18460.1
596218 4.10766e+06 -16491.9
601090 4.10463e+06 -18426.3
639647 4.07189e+06 -16573.1
614647 4.09303e+06 -16676.6
610565 4.09729e+06 -18481.6
589613 4.11366e+06 -16527.7
619017 4.08888e+06 -18445.2
632948 4.07721e+06 -16513.5
585430 4.1179e+06 -16542.3
581453 4.12236e+06 -16540
623584 4.08498e+06 -16572.5
628462 4.08109e+06 -16428.3
606171 4.10108e+06 -16546.4
644523 4.0678e+06 -18894.9
579606 4.12465e+06 -18441.6
571133 4.13312e+06 -16555.7
593868 4.10968e+06 -18463.8
630690 4.07913e+06 -18536
583376 4.12007e+06 -18457.5
587561 4.1157e+06 -18426.6
626163 4.08292e+06 -18514.4
635111 4.07531e+06 -18467.7
569345 4.13545e+06 -18654.6
641489 4.07036e+06 -16433.4
621314 4.08693e+06 -16573.1
598718 4.10581e+06 -18490.7
608303 4.09941e+06 -16519
612809 4.09495e+06 -16537.1
616826 4.09085e+06 -16411.5
575049 4.12857e+06 -16321.3
603763 4.10288e+06 -16558.7
637163 4.07375e+06 -18529.5
591875 4.11142e+06 -18443
646349 4.0663e+06 -17498.4
568017 4.13725e+06 -17579.7
644786 4.06763e+06 -16107.7
569337 4.13552e+06 -16070.7
575556 4.12816e+06 -18868
641972 4.06992e+06 -18757.2
637018 4.0739e+06 -15991.4
577642 4.12685e+06 -19005.1
598643 4.10588e+06 -15983.8
579354 4.12505e+06 -15981.8
591658 4.11168e+06 -15981.3
573211 4.13054e+06 -15994.3
601399 4.10451e+06 -15968.1
616442 4.09115e+06 -18936.4
603731 4.10287e+06 -19029.2
596237 4.10759e+06 -19033.4
622447 4.08592e+06 -18626.5
608204 4.09945e+06 -18980.5
571353 4.13277e+06 -18952.6
635111 4.07536e+06 -16039.6
612703 4.09501e+06 -19036.2
581533 4.1222e+06 -19030.3
590058 4.11316e+06 -19035.9
619041 4.08891e+06 -15963.4
593938 4.10967e+06 -15962.3
614513 4.09312e+06 -19122.7
639368 4.07207e+06 -19012.4
625908 4.08316e+06 -15965.8
632692 4.07739e+06 -19028.1
605856 4.10128e+06 -18954.9
628141 4.08132e+06 -19032.9
610646 4.09725e+06 -15962.6
583468 4.12001e+06 -15966.6
630476 4.07936e+06 -15968.7
587585 4.11573e+06 -15964.3
585465 4.11782e+06 -19034.3
620783 4.08734e+06 -18814.3
624202 4.08441e+06 -18920
643210 4.06892e+06 -17030.4
647659 4065174 -14000
654962 4058345 -14000
647589 4065104 -21000
654892 4058275 -21000
649497 4.06348e+06 -14000
651355 4.06181e+06 -14000
653159 4.06008e+06 -14000
649427 4.06341e+06 -21000
651285 4.06174e+06 -21000
653089 4.06001e+06 -21000
647612 4.06513e+06 -18666.7
647636 4.06515e+06 -16333.3
654939 4.05832e+06 -16333.3
654915 4.0583e+06 -18666.7
653893 4.05926e+06 -19816.1
648790 4.06408e+06 -15442.8
653788 4.05944e+06 -15417.7
650225 4.06281e+06 -16154.6
648754 4.06403e+06 -19539.7
652385 4.06072e+06 -18886.5
653736 4.05945e+06 -17668.8
652446 4.06072e+06 -15914
650044 4.06291e+06 -19024.1
648816 4.06402e+06 -17494.7
654962 4058345 -14000
727038 3976931 -14000
654892 4058275 -21000
726968 3976861 -21000
657058 4.05628e+06 -14000
659153 4.05422e+06 -14000
661244 4.05216e+06 -14000
663179 4.04994e+06 -14000
665114 4.04773e+06 -14000
667049 4.04552e+06 -14000
668985 4.04331e+06 -14000
670920 4.04109e+06 -14000
672855 4.03888e+06 -14000
674790 4.03667e+06 -14000
676725 4.03446e+06 -14000
678660 4.03224e+06 -14000
680595 4.03003e+06 -14000
682530 4.02782e+06 -14000
684466 4.02561e+06 -14000
686401 4.02339e+06 -14000
688336 4.02118e+06 -14000
690271 4.01897e+06 -14000
692206 4.01676e+06 -14000
694141 4.01454e+06 -14000
696076 4.01233e+06 -14000
698011 4.01012e+06 -14000
699946 4.00791e+06 -14000
701882 4.00569e+06 -14000
703817 4.00348e+06 -14000
705752 4.00127e+06 -14000
707687 3.99906e+06 -14000
709622 3.99684e+06 -14000
711557 3.99463e+06 -14000
713492 3.99242e+06 -14000
715427 3.99021e+06 -14000
717363 3.98799e+06 -14000
719298 3.98578e+06 -14000
721233 3.98357e+06 -14000
723168 3.98136e+06 -14000
725103 3.97914e+06 -14000
656988 4.05621e+06 -21000
659083 4.05415e+06 -21000
661174 4.05209e+06 -21000
663109 4.04987e+06 -21000
665044 4.04766e+06 -21000
666980 4.04545e+06 -21000
668915 4.04324e+06 -21000
670850 4.04102e+06 -21000
672785 4.03881e+06 -21000
674720 4.0366e+06 -21000
676655 4.03439e+06 -21000
678590 4.03217e+06 -21000
680525 4.02996e+06 -21000
682460 4.02775e+06 -21000
684396 4.02554e+06 -21000
686331 4.02332e+06 -21000
688266 4.02111e+06 -21000
690201 4.0189e+06 -21000
692136 4.01669e+06 -21000
694071 4.01447e+06 -21000
696006 4.01226e+06 -21000
697941 4.01005e+06 -21000
699876 4.00784e+06 -21000
701812 4.00562e+06 -21000
703747 4.00341e+06 -21000
705682 4.0012e+06 -21000
707617 3.99899e+06 -21000
709552 3.99677e+06 -21000
711487 3.99456e+06 -21000
713422 3.99235e+06 -21000
715357 3.99014e+06 -21000
717293 3.98792e+06 -21000
719228 3.98571e+06 -21000
721163 3.9835e+06 -21000
723098 3.98129e+06 -21000
725033 3.97907e+06 -21000
654939 4.05832e+06 -16333.3
654915 4.0583e+06 -18666.7
727015 3.97691e+06 -16333.3
726991 3.97688e+06 -18666.7
656256 4.05696e+06 -19742
725771 3.97835e+06 -15254
725478 3.9786e+06 -19483.9
656598 4.05671e+06 -15487.5
722835 3.98164e+06 -18532.2
659770 4.05356e+06 -16554.2
663876 4.04909e+06 -16495.5
667824 4.04458e+06 -16494.7
671742 4.0401e+06 -16494.1
675646 4.03564e+06 -16493.9
679542 4.03118e+06 -16493.5
683434 4.02673e+06 -16493.3
687324 4.02228e+06 -16493
691213 4.01784e+06 -16493
695093 4.0134e+06 -16517.3
698975 4.00896e+06 -16517.6
702858 4.00452e+06 -16517.9
706744 4.00008e+06 -16518.3
710634 3.99563e+06 -16518.5
714533 3.99118e+06 -16518.7
718451 3.9867e+06 -16519.4
685361 4.02449e+06 -18506.8
681470 4.02893e+06 -18506.6
677576 4.03339e+06 -18506.3
673677 4.03785e+06 -18505.9
669767 4.04232e+06 -18505.5
665837 4.04681e+06 -18504.9
661858 4.05136e+06 -18502.1
689250 4.02004e+06 -18507.1
693139 4.01559e+06 -18507.3
697016 4.01116e+06 -18482.6
700899 4.00672e+06 -18482.2
704783 4.00228e+06 -18482
708671 3.99784e+06 -18481.7
712565 3.99338e+06 -18481.5
716470 3.98892e+06 -18481.3
720418 3.98441e+06 -18424.3
724473 3.97976e+06 -18928.5
657801 4.05551e+06 -16086.5
725673 3.97842e+06 -17501.9
656306 4.05696e+06 -17345.7
657859 4.0554e+06 -19036
724377 3.97993e+06 -15850.9
720244 3.98466e+06 -16023.5
659874 4.05342e+06 -18942.3
662190 4.05103e+06 -16009.3
722309 3.98229e+06 -16062.7
718281 3.98684e+06 -18997.6
716374 3.98908e+06 -15997.2
714411 3.99126e+06 -19007.4
712504 3.99351e+06 -15990.2
710541 3.99569e+06 -19012
708633 3.99793e+06 -15986.7
706670 4.00011e+06 -19014.5
704763 4.00236e+06 -15984.8
702800 4.00454e+06 -19015.9
700893 4.00678e+06 -15983.7
698930 4.00896e+06 -19016.7
697023 4.01121e+06 -15983.1
695060 4.01339e+06 -19017.1
693152 4.01563e+06 -15982.8
691189 4.01781e+06 -19017.2
689282 4.02006e+06 -15982.8
687319 4.02224e+06 -19017
685412 4.02448e+06 -15983.1
683449 4.02666e+06 -19016.6
681542 4.02891e+06 -15983.7
679579 4.03109e+06 -19015.8
677672 4.03333e+06 -15984.7
675709 4.03551e+06 -19014.4
673801 4.03776e+06 -15986.5
671838 4.03994e+06 -19011.9
669931 4.04218e+06 -15989.9
667968 4.04436e+06 -19007.1
666061 4.04661e+06 -15996.6
664098 4.04879e+06 -18995.6
