1 482.0945 4254.212 0
2 557.7988 4151.029 0
3 482.0245 4254.142 -7
4 557.7287 4150.959 -7
5 483.8674222188358 4251.821232727018 0
6 485.6403444376476 4249.430465454067 0
7 487.413266656427 4247.03969818116 0
8 489.1861888751583 4244.648930908318 0
9 490.9591110938812 4242.258163635488 0
10 492.7320333126041 4239.867396362657 0
11 494.5049555313288 4237.476629089824 0
12 496.2778777500545 4235.08586181699 0
13 498.0507999687824 4232.695094544152 0
14 499.82372218754 4230.304327271275 0
15 501.5966444063218 4227.913559998366 0
16 503.3695666251539 4225.522792725387 0
17 505.1424888439863 4223.132025452409 0
18 506.9154110628171 4220.741258179433 0
19 508.6883332816033 4218.350490906517 0
20 510.4612555003673 4215.959723633631 0
21 512.2341777190927 4213.568956360798 0
22 514.0070999378164 4211.178189087966 0
23 515.7800221565393 4208.787421815135 0
24 517.5529443752622 4206.396654542305 0
25 519.3258665939877 4204.00588726947 0
26 521.0987888127156 4201.615119996633 0
27 522.8717110314435 4199.224352723796 0
28 524.6446332501916 4196.833585450931 0
29 526.4175554689735 4194.44281817802 0
30 528.1904776877514 4192.052050905116 0
31 529.963399906516 4189.661283632229 0
32 531.7363221252389 4187.270516359399 0
33 533.5092443439651 4184.879749086564 0
34 535.282166562693 4182.488981813726 0
35 537.0550887814209 4180.098214540889 0
36 538.8280110001733 4177.707447268019 0
37 540.6009332189502 4175.316679995115 0
38 542.37389352693 4172.925940967315 0
39 544.1469103943006 4170.535243886019 0
40 545.9141359202326 4168.140273194523 0
41 547.6642786143241 4165.733018717378 0
42 549.3475500760447 4163.278305183462 0
43 551.0263486503034 4160.820533089576 0
44 552.7031630413037 4158.361404210862 0
45 554.3911458147102 4155.909981287264 0
46 556.0949729073341 4153.469490643663 0
47 483.797421425788 4251.751233796434 -7
48 485.5703428515531 4249.360467592898 -7
49 487.3432642772872 4246.969701389406 -7
50 489.1161857030191 4244.578935185915 -7
51 490.88910712875 4242.188168982426 -7
52 492.6620285544791 4239.79740277894 -7
53 494.4349499802081 4237.406636575452 -7
54 496.207871405944 4235.015870371957 -7
55 497.980792831727 4232.625104168397 -7
56 499.7537142575114 4230.234337964836 -7
57 501.5266356832969 4227.843571761274 -7
58 503.2995571090323 4225.452805557778 -7
59 505.0724785347663 4223.062039354286 -7
60 506.8453999605004 4220.671273150792 -7
61 508.6183213862345 4218.280506947299 -7
62 510.3912428119821 4215.889740743787 -7
63 512.1641642377701 4213.498974540221 -7
64 513.9370856635946 4211.108208336605 -7
65 515.7100070894312 4208.717442132975 -7
66 517.4829285152192 4206.326675929408 -7
67 519.2558499409788 4203.93590972588 -7
68 521.0287713667129 4201.545143522387 -7
69 522.8016927924422 4199.154377318901 -7
70 524.5746142181713 4196.763611115413 -7
71 526.3475356439003 4194.372844911927 -7
72 528.1204570696726 4191.982078708382 -7
73 529.8933784954679 4189.591312504806 -7
74 531.6662999213049 4187.200546301175 -7
75 533.43922134711 4184.809780097585 -7
76 535.2121427728939 4182.419013894025 -7
77 536.9850641986279 4180.028247690531 -7
78 538.7579856243866 4177.637481487005 -7
79 540.5309070501696 4175.246715283445 -7
80 542.3038665637163 4172.855977323922 -7
81 544.0768826380507 4170.465281311938 -7
82 545.844107555337 4168.070311826016 -7
83 547.5942507570362 4165.66305934164 -7
84 549.2775214657863 4163.208346905781 -7
85 550.9563193997654 4160.750575986895 -7
86 552.6331330412553 4158.291448207375 -7
87 554.3211030523909 4155.840018001318 -7
88 556.0249015261367 4153.399509000743 -7
89 482.0711666666671 4254.188666666667 -2.333333333292034
90 482.047833333334 4254.165333333334 -4.666666666601463
91 557.7753666733755 4151.005666673375 -2.333332662445124
92 557.7520333366882 4150.982333336688 -4.666666331171402
93 483.0813845404043 4252.745059167512 -5.796799561977005
94 556.9073721198696 4152.276942476456 -1.187342791774116
95 556.2711170198492 4153.086128936164 -5.384418792103636
96 553.4980786324943 4157.086537554188 -4.422567190891376
97 483.3818574316929 4252.441043237201 -1.488981759213253
98 486.4978447236891 4248.213605328551 -2.577395204704199
99 536.1275642961549 4181.245107271734 -4.422605948154879
100 540.1373088266937 4175.838617297932 -4.396672310063796
101 545.0100817694502 4169.2670846035 -4.422736635591446
102 532.581721444602 4186.026639678837 -4.422605948067055
103 529.0358785929645 4190.808172086053 -4.42260594808269
104 525.4900357414301 4195.589704493126 -4.422605948162529
105 521.9441928899716 4200.3712369001 -4.422605948162404
106 518.3983500384935 4205.1527693071 -4.422605948136235
107 514.8525071869079 4209.934301714247 -4.422605948049919
108 511.3066643352701 4214.715834121461 -4.422605948105803
109 507.7608214837617 4219.497366528501 -4.422605948154857
110 504.2149786322939 4224.278898935488 -4.422605948155486
111 500.3338767812827 4229.513068102196 -4.399464830360985
112 497.1002117995241 4233.873812090911 -4.391791393808671
113 493.5774500777379 4238.623496156652 -4.422605948162188
114 490.0316072262788 4243.405028563626 -4.422605948161081
115 548.3319530828159 4164.696197258127 -2.568941630085173
116 550.3694222190078 4161.675728319095 -4.387465653830032
117 543.2314418588801 4171.709114695648 -2.577391515997878
118 488.0418947516203 4246.087657498638 -4.442949042554729
119 523.7292113174702 4198.007492598299 -2.577395204678825
120 527.2750557550138 4193.225958052506 -2.577395204726925
121 530.8209001925302 4188.444423506751 -2.577395204656474
122 534.3667446299817 4183.662888961082 -2.577395204663039
123 538.1127351040601 4178.613120791584 -2.50665883815617
124 552.0171191393293 4159.304814973606 -2.542240571446818
125 541.8901618878242 4173.474164674062 -4.429841743767646
126 520.1833668800047 4202.789027143989 -2.577395204662237
127 516.6375224425534 4207.570561689658 -2.577395204656469
128 513.0916780051061 4212.35209623532 -2.577395204657609
129 509.5458335676381 4217.133630781011 -2.57739520468828
130 505.9999891300531 4221.915165326857 -2.577395204781299
131 502.2819625977488 4226.930664318633 -2.501658347889971
132 498.7045586844473 4231.756440892732 -2.429935583624331
133 495.3624558173435 4236.259768964345 -2.577395204660162
134 491.8166113798953 4241.04130351001 -2.577395204656788
135 489.366011785101 4244.360136416954 -1.97169943994721
136 546.635827780517 4167.049693675193 -4.558663599632895
137 543.4463577321549 4171.372358956804 -4.577405331011393
138 555.3434026233977 4154.426609089523 -4.906348450981229
139 541.6746131829004 4173.808308278301 -2.577394922205329
140 484.4435248872732 4250.995189824531 -2.093873957738943
141 495.2766238276387 4236.329030967343 -4.556605424016738
142 498.7097159530737 4231.699846189585 -4.54364213654641
143 491.6832768715655 4241.174073603539 -4.579963605136254
144 546.7644435705635 4166.921324407237 -2.577304361741791
145 551.9554123987702 4159.345167891392 -4.575161938511473
146 556.6067980534607 4152.65101661011 -3.505000643343004
147 483.3209430526712 4252.472008556006 -3.668130859302571
148 555.3295057211382 4154.508964543921 -2.338933192362427
149 484.6384375481148 4250.667655090584 -4.848709467258851
150 545.1298032352541 4169.161735835677 -1.97960167875134
151 548.4587038712942 4164.451349953169 -5.009926919106443
152 553.5049325811617 4157.131226903 -2.203230988043664
153 550.0256860188182 4162.238041054867 -2.027605649018905
154 493.5962230742836 4238.655496954255 -1.98205914346888
155 497.1421937979088 4233.874056058672 -1.970820188962919
156 500.6881100052852 4229.092574735329 -1.964432963642897
157 504.2339963275399 4224.311071249795 -1.960705403643256
158 507.7798659511676 4219.529555381057 -1.9584639534301
159 511.3257253513653 4214.748031931174 -1.957132336064426
160 514.8715781597421 4209.966503593143 -1.956387357557875
161 518.4174257220443 4205.184971364779 -1.956109258214641
162 521.9632690142633 4200.403435969834 -1.956211179480164
163 525.5091078256248 4195.621897251915 -1.956711883211426
164 486.1606747903899 4248.615270986797 -4.834356779429986
165 529.0549417895595 4190.84035493919 -1.957643992312025
166 532.6007700397706 4186.058808389505 -1.959084592231474
167 536.1465757139819 4181.277245098159 -1.962534362867143
168 539.692376087675 4176.495677876002 -1.966455862451046
169 502.4351607371086 4226.664550921443 -5.036363612319913
170 505.9809671086645 4221.882991462035 -5.03961017580308
171 509.5267868975765 4217.101441952525 -5.041662649837627
172 513.072615756349 4212.319899168747 -5.042907952183774
173 516.6184505737881 4207.538360803596 -5.043622963536484
174 520.16429044391 4202.756826185623 -5.043888295931045
175 523.7101338776287 4197.97529421043 -5.043836477347255
176 527.2559829442291 4193.193766412379 -5.043283356920822
177 530.8018379806425 4188.41224304111 -5.042198958152739
178 534.3477016734369 4183.630726089124 -5.040344178222917
179 537.8935802594845 4178.849220181766 -5.037163949633221
180 487.973152073051 4246.237827117521 -1.995809121787425
181 490.5955568031895 4242.697164601607 -2.18217841155621
182 557.7988 4151.029 0
183 567.0353 4138.944 0
184 557.7287 4150.959 -7
185 566.9653 4138.874 -7
186 559.2498810979126 4148.949583779266 0
187 560.8116166532081 4146.95226374899 0
188 562.3809487250102 4144.960579782928 0
189 563.9502807966294 4142.968895817097 0
190 565.5003840137194 4140.962326308397 0
191 559.1798497459018 4148.879620054597 -7
192 560.7415930407125 4146.88229371628 -7
193 562.3109310156265 4144.890602258411 -7
194 563.8802689903066 4142.898910800838 -7
195 565.4303782401013 4140.892333900373 -7
196 557.7753666733755 4151.005666673375 -2.333332662445124
197 557.7520333366882 4150.982333336688 -4.666666331171402
198 567.0119666666671 4138.920666666667 -2.333333333290222
199 566.988633333334 4138.897333333334 -4.666666666614671
200 558.6338710982009 4149.803871884637 -1.169352469804001
201 566.0701790076297 4140.077785094614 -5.844358637402537
202 558.7060535242679 4149.592267210142 -5.613370188211952
203 561.465939546541 4146.020414970137 -4.469953455795234
204 565.9952548438951 4140.279305494203 -1.395028730255423
205 563.1413943209669 4143.945653490606 -2.195695826657834
206 563.0544441307532 4143.996953771021 -4.798046485994284
207 561.6457237055806 4145.847194368685 -2.048381055162126
208 558.8325525925246 4149.46472343721 -3.405358394525679
209 559.9043280069453 4148.055087322319 -2.143653535294384
210 565.8979951971618 4140.354836792996 -3.656836372437212
211 564.9768499022067 4141.531607017671 -5.146415417150026
212 564.8166970449442 4141.805809041397 -2.398605490007208
213 559.731344502839 4148.212891245897 -4.864273497818271
214 562.3257891050959 4144.953687679243 -3.388822982846652
215 567.0353 4138.944 0
216 647.7989 4065.314 0
217 566.9653 4138.874 -7
218 647.7289 4065.244 -7
219 568.8303009527081 4136.575401303526 0
220 570.6130836938671 4134.197576020237 0
221 572.436898647515 4131.851748127628 0
222 574.3086009677445 4129.543264252047 0
223 576.6513089111558 4127.745561355468 0
224 578.9949514759587 4125.973269790637 0
225 580.7716224706322 4123.593146776691 0
226 582.6423159049175 4121.28486817115 0
227 584.6145037349579 4119.06161772603 0
228 586.701473739388 4116.945754762894 0
229 588.7886821798243 4114.830115780373 0
230 590.8855415812815 4112.724306358812 0
231 593.0758838471426 4110.716641371598 0
232 595.3132523894835 4108.760494293372 0
233 597.5450275741612 4106.797958458363 0
234 600.1401592687725 4105.376175856105 0
235 602.7329188638071 4103.941552044769 0
236 605.1153662913512 4102.164950897977 0
237 607.4852184059879 4100.371903223367 0
238 609.7874799457899 4098.494295222155 0
239 611.8249997162688 4096.330760946 0
240 613.8673434854784 4094.171829436236 0
241 615.9329363629499 4092.035081102042 0
242 618.1178724587013 4090.023230183499 0
243 620.350761519997 4088.062018651996 0
244 622.6054204847866 4086.125816097701 0
245 624.8849753259752 4084.220306785511 0
246 627.2447909956977 4082.413752777379 0
247 629.5103259737331 4080.491335944462 0
248 631.7588049086733 4078.547960052896 0
249 634.0086355097021 4076.606149133746 0
250 636.3016221097972 4074.717950403657 0
251 638.6792612581703 4072.934919428226 0
252 640.9939563690718 4071.072093802987 0
253 643.2816018689772 4069.174978770624 0
254 645.5692473688424 4067.277863738295 0
255 568.7603012398376 4136.50540092056 -7
256 570.5430842681263 4134.127575254306 -7
257 572.3668995518673 4131.781747012235 -7
258 574.2386021735474 4129.473262764858 -7
259 576.5813110226915 4127.675560229488 -7
260 578.9250090174016 4125.903332231132 -7
261 580.7016490069932 4123.523184340009 -7
262 582.5723075917647 4121.214877542581 -7
263 584.5444957394395 4118.99162673939 -7
264 586.6314656137346 4116.87576299923 -7
265 588.7186743903486 4114.760123675952 -7
266 590.815533890883 4112.654313672163 -7
267 593.0058762078879 4110.646648030375 -7
268 595.2432451388011 4108.690500669339 -7
269 597.4750206829466 4106.727964518228 -7
270 600.0701514824734 4105.306179732836 -7
271 602.6629191480113 4103.871566177487 -7
272 605.0453952003655 4102.095002617036 -7
273 607.4152126189434 4100.301907888694 -7
274 609.7174751777327 4098.424300285104 -7
275 611.7549952762356 4096.260765660636 -7
276 613.7973331444338 4094.10182778162 -7
277 615.862890433552 4091.965044379084 -7
278 618.047841306039 4089.953210778437 -7
279 620.2807539013357 4087.99202519457 -7
280 622.5354132292947 4086.0558223284 -7
281 624.8149681121538 4084.150312308043 -7
282 627.1747841619302 4082.343758008961 -7
283 629.4403198245168 4080.421341259276 -7
284 631.6887991317953 4078.477965066536 -7
285 633.9386557675281 4076.536183579678 -7
286 636.2316487720776 4074.647989945253 -7
287 638.6092663308759 4072.864929383187 -7
288 640.9239552637479 4071.002094719618 -7
289 643.2116011320945 4069.104979381712 -7
290 645.4992470004011 4067.207864043839 -7
291 566.988633333334 4138.897333333334 -4.666666666614663
292 567.0119666666671 4138.920666666667 -2.333333333290216
293 647.775566666667 4065.290666666667 -2.333333333296435
294 647.7522333333339 4065.267333333334 -4.666666666608458
295 567.931755573548 4137.737940071034 -1.184030984269407
296 646.6324175294078 4066.26432330042 -5.819863529256495
297 646.3911073993202 4066.566425367145 -1.499756370115986
298 568.2964138710931 4137.158288027347 -5.512820558844444
299 577.8822619694837 4126.958148753863 -2.542870693220356
300 573.3447248539945 4130.674783756601 -2.565071974563447
301 596.3744436461504 4107.779899340996 -2.52345644919562
302 601.2293762751051 4104.767566394296 -4.426076091650534
303 614.8739847910791 4093.078171123202 -2.572701346013969
304 610.7627133791689 4097.367468911792 -4.426982438957936
305 589.7533196257199 4113.801439891912 -2.527724698051751
306 619.1809722356023 4089.00184546599 -4.427259371016239
307 633.051652879696 4077.383942279765 -2.585538354806022
308 585.6315307912524 4117.978451194033 -2.573500576721132
309 581.5926578629757 4122.49730076276 -2.540004555704486
310 623.7250069015781 4085.116547969773 -2.572486637220007
311 628.3548490917411 4081.442053588144 -2.573060849996499
312 637.4420477510172 4073.785249060731 -4.427483499737333
313 642.0909073051236 4070.081427398433 -4.426810812919626
314 606.2792917136194 4101.247110686512 -2.57302443864085
315 644.4058214931139 4068.202782728726 -2.180912167945292
316 579.7455801002953 4124.790284512999 -4.441575852217617
317 594.0086022263631 4109.820085736423 -4.463925245059205
318 630.686475430645 4079.391714391697 -4.455631654021965
319 583.5159971124485 4120.205144216949 -4.457372423999313
320 587.7009771504148 4115.843502338535 -4.426574780344732
321 626.3151286308424 4083.046066940971 -4.496490097866176
322 571.2583585649855 4133.2332192788 -4.443765205832867
323 575.3944398132373 4128.524164444264 -4.449360313639674
324 639.783636328087 4072.028728009424 -2.573060166323936
325 569.4997508612169 4135.627733490532 -2.347034434230447
326 621.454451496938 4087.066389767896 -2.573128130014552
327 598.8577270562233 4105.947444831861 -4.489167263349095
328 608.4436043334115 4099.553787899662 -2.518915551921908
329 635.2325461349045 4075.505357718719 -2.385490131143095
330 612.9488417445355 4095.085104137377 -2.536973447113841
331 616.8215602184356 4091.119882327358 -2.50499111994636
332 603.9027290578218 4103.024535702377 -2.561061566063018
333 592.0153748716718 4111.563183850123 -4.4430776270895
334 646.4661172009276 4066.459708412751 -3.513339561204156
335 644.6850319470541 4067.922801237198 -4.828711222012681
336 568.1587604796148 4137.387943422605 -3.410259635155419
337 569.507350853907 4135.557344382534 -4.928797280071182
338 634.9327842946145 4075.716697199906 -4.928712926464175
339 577.7827969429351 4126.992765009715 -5.008478273712361
340 575.5971600313106 4128.421347457058 -1.999925770936231
341 598.7835276315907 4106.021940769933 -1.982130092249835
342 579.4928030099918 4125.192072839905 -1.985145262889989
343 591.7980000477735 4111.817929257207 -1.981323060518775
344 573.324558805149 4130.64518661329 -5.003959517367376
345 601.5393812042236 4104.650017517011 -1.969297331728296
346 616.7054839842343 4091.175785223785 -4.971899286067069
347 603.8706268322746 4103.005371175836 -5.031261467649238
348 596.3774712569603 4107.73008676877 -5.032299197695564
349 622.5719348541832 4086.070098960544 -4.54460509907766
350 608.3436295176728 4099.589924957457 -4.980447054332772
351 571.517793219547 4132.943158731888 -2.04566994023029
352 612.8425363155078 4095.146455886798 -5.036109042090888
353 581.6729945474772 4122.339310485699 -5.030403184921115
354 637.4738016811638 4073.804245776954 -1.981108896722679
355 590.197805627701 4113.30039606064 -5.035810052490717
356 619.18052528934 4089.048634346533 -1.963552402643448
357 594.0775748833598 4109.806781459477 -1.962610543727902
358 614.7281153317869 4093.177444513344 -5.107879931277153
359 639.5021552867701 4072.217708541711 -5.002863491224925
360 626.0481310677213 4083.295147318117 -1.965791495928551
361 632.8318888675458 4077.528117159316 -5.027844722928743
362 605.9782699198445 4101.431242004285 -4.955114939211022
363 628.2811443535205 4081.459898585974 -5.032878420635557
364 610.7860420649041 4097.393506731722 -1.962720305119622
365 583.6076391596816 4120.154817834376 -1.966806809431721
366 630.6164682263616 4079.498583571415 -1.968841158758102
367 642.1198768160473 4070.10194870664 -1.99169003981764
368 587.7253028198387 4115.868425875666 -1.9643166691539
369 585.6049319305594 4117.955860260448 -5.034345889806111
370 620.923270717678 4087.480893280022 -4.813944764327895
371 624.342667051024 4084.548602587297 -4.920149344585925
372 647.7989 4065.314 0
373 655.1021 4058.485 0
374 647.7289 4065.244 -7
375 655.0321 4058.415 -7
376 649.6370598221912 4063.619911828716 0
377 651.4954255893808 4061.948502773285 0
378 653.2987627947334 4060.216751386602 0
379 649.5670598221914 4063.549911828716 -7
380 651.4254255893571 4061.878502773308 -7
381 653.2287627947215 4060.146751386613 -7
382 647.775566666667 4065.290666666667 -2.333333333296435
383 647.7522333333339 4065.267333333334 -4.666666666608458
384 655.0554333333339 4058.438333333334 -4.666666666610528
385 655.078766666667 4058.461666666667 -2.333333333294367
386 648.7421112743336 4064.312707920018 -5.754853775945199
387 654.1529808563511 4059.35691226561 -2.016542525229859
388 648.9584472887188 4064.193833563838 -1.373218846620071
389 652.5403201514258 4060.905105384968 -2.039545026438644
390 653.7550230108054 4059.669742940129 -5.553224938614759
391 652.2563731001583 4061.127555865138 -4.601644113343726
392 648.9904064818824 4064.120165096304 -3.613542035979728
393 650.5175098338159 4062.814927044133 -2.288292630712178
394 653.4435989556191 4060.004740201474 -3.720060536359623
395 650.0604845998682 4063.160499169182 -4.974460132668759
396 655.1021 4058.485 0
397 727.1781 3977.071 0
398 655.0321 4058.415 -7
399 727.1081 3977.001 -7
400 657.1976482543342 4056.423777411627 0
401 659.293196508646 4054.362554823277 0
402 661.3841786638412 4052.297025353127 0
403 663.3192939972946 4050.08449519564 0
404 665.2544093307195 4047.871965038185 0
405 667.1895246640986 4045.659434880783 0
406 669.124639997497 4043.446904723359 0
407 671.0597553309178 4041.234374565909 0
408 672.9948706643511 4039.021844408445 0
409 674.9299859978003 4036.809314250962 0
410 676.8651013312184 4034.596784093515 0
411 678.8002166646546 4032.384253936048 0
412 680.7353319980691 4030.171723778605 0
413 682.6704473314302 4027.959193621224 0
414 684.6055626648389 4025.746663463788 0
415 686.5406779982843 4023.534133306309 0
416 688.4757933317122 4021.321603148851 0
417 690.4109086651481 4019.109072991384 0
418 692.3460239985453 4016.896542833961 0
419 694.2811393319142 4014.684012676571 0
420 696.2162546652803 4012.471482519184 0
421 698.1513699986804 4010.258952361757 0
422 700.0864853321182 4008.046422204288 0
423 702.0216006655442 4005.833892046832 0
424 703.9567159989891 4003.621361889354 0
425 705.8918313323984 4001.408831731918 0
426 707.8269466657595 3999.196301574536 0
427 709.7620619991734 3996.983771417094 0
428 711.697177332612 3994.771241259624 0
429 713.6322926660283 3992.558711102179 0
430 715.5674079994774 3990.346180944697 0
431 717.5025233329279 3988.133650787213 0
432 719.4376386663508 3985.92112062976 0
433 721.3727539997464 3983.70859047234 0
434 723.3078693331288 3981.496060314933 0
435 725.242984666555 3979.283530157477 0
436 657.1276482543149 4056.353777411646 -7
437 659.2231965086523 4054.29255482327 -7
438 661.3141786638292 4052.227025353141 -7
439 663.2492939972855 4050.01449519565 -7
440 665.1844093306958 4047.801965038213 -7
441 667.1195246641507 4045.589434880723 -7
442 669.0546399975964 4043.376904723245 -7
443 670.9897553310324 4041.164374565778 -7
444 672.9248706644298 4038.951844408355 -7
445 674.8599859978067 4036.739314250955 -7
446 676.7951013311728 4034.526784093568 -7
447 678.730216664581 4032.314253936132 -7
448 680.6653319979448 4030.101723778747 -7
449 682.6004473313227 4027.889193621347 -7
450 684.5355626647324 4025.676663463909 -7
451 686.470677998171 4023.464133306439 -7
452 688.4057933316058 4021.251603148973 -7
453 690.3409086650553 4019.039072991491 -7
454 692.2760239984723 4016.826542834045 -7
455 694.2111393319176 4014.614012676567 -7
456 696.1462546653659 4012.401482519086 -7
457 698.08136999878 4010.188952361644 -7
458 700.016485332246 4007.976422204142 -7
459 701.9516006656858 4005.76389204667 -7
460 703.8867159991189 4003.551361889206 -7
461 705.8218313325102 4001.33883173179 -7
462 707.756946665891 3999.126301574386 -7
463 709.6920619992543 3996.913771417002 -7
464 711.627177332663 3994.701241259566 -7
465 713.5622926660286 3992.488711102179 -7
466 715.49740799942 3990.276180944762 -7
467 717.4325233328221 3988.063650787334 -7
468 719.3676386662569 3985.851120629868 -7
469 721.3027539996845 3983.638590472411 -7
470 723.23786933314 3981.426060314921 -7
471 725.1729846665521 3979.213530157481 -7
472 655.078766666667 4058.461666666667 -2.333333333294362
473 655.0554333333339 4058.438333333334 -4.666666666610528
474 727.154766666667 3977.047666666667 -2.333333333296435
475 727.1314333333339 3977.024333333334 -4.666666666608458
476 656.5374902839126 4056.960144056155 -5.694346519715548
477 725.9114350447669 3978.492373175468 -1.253944502419349
478 725.5886648842348 3978.770626953218 -5.489712009496645
479 656.7978123724995 4056.78789989397 -1.46887821856395
480 722.5735008207962 3982.239962333304 -4.466653597473097
481 660.2937037425211 4053.2899848997 -4.454914669907877
482 681.6758157946599 4029.041779447015 -2.545324509410424
483 677.8851539231149 4033.335155051503 -4.444331318554138
484 693.2865177835938 4015.766607238434 -2.545324676117162
485 718.4430387585114 3987.003734118799 -2.545325144823434
486 712.6217572638654 3993.61861029869 -4.45467449350326
487 666.1948798081967 4046.742009057461 -2.545324398641241
488 706.8323367691737 4000.27890632719 -2.545325008581136
489 673.919417300106 4037.869184326652 -4.454674002467077
490 685.546049790399 4024.616722043683 -2.545324617487498
491 689.4003532893717 4020.168954718916 -4.454673837310111
492 697.1567517780961 4011.341549834145 -2.545324894796063
493 703.0858841421185 4004.521812632003 -4.440709941590099
494 669.8827660219939 4042.48480381223 -4.441246735078835
495 683.5950022921204 4026.806540820899 -4.45467401013254
496 710.7025707659102 3995.853848924727 -2.545325022900139
497 701.0765937935679 4006.860549562614 -2.509083424328753
498 662.0669480259377 4051.460975175097 -2.579464136685599
499 664.0938579796133 4049.102767090091 -4.479628945580497
500 675.8704647998254 4035.679365550986 -2.545324460575401
501 714.5728047621812 3991.428791521765 -2.545325085365729
502 716.4919912602202 3989.193552895971 -4.454674540187797
503 708.7515232678471 3998.043667701699 -4.454674415461991
504 699.0983786944787 4009.080069934028 -4.481915498786419
505 671.9253366467394 4040.190597758506 -2.519939934029541
506 695.2057042809738 4013.531368611974 -4.454674197101678
507 720.5582502899676 3984.545027013293 -4.423973836656979
508 691.1978893102264 4018.112683674387 -4.503497056613561
509 704.8430848560852 4002.51169495261 -4.487866257406774
510 679.6247707852605 4031.345306192542 -4.483826369484106
511 687.5855428850866 4022.242655931311 -4.514120594107535
512 668.0664773615414 4044.557655467489 -4.619186656725013
513 724.5454203521442 3979.975480951364 -4.92734519804946
514 658.2959221954841 4055.247239840442 -4.849843264704224
515 725.812619249248 3978.55717301298 -3.501906922574429
516 656.4463681400262 4057.09633484412 -3.347150652866869
517 658.0486134287916 4055.546048857122 -2.049564198534175
518 659.6730508475055 4053.941196771062 -2.402337982855249
519 724.4301823227414 3980.170315814559 -1.984451398075236
520 668.2717951501543 4044.377325458768 -2.080111658748302
521 704.9029807398804 4002.496473666859 -2.002929002683778
522 687.6685925527431 4022.200644797737 -2.043964702625563
523 720.3836987489552 3984.796053409768 -2.023451714826175
524 691.1733897768494 4018.193545644095 -2.03772589983633
525 662.3031291930045 4051.1394708244 -4.980607592789724
526 664.2655292909599 4048.959581218099 -2.002409430330959
527 673.9412827714964 4037.897085074863 -1.986546236397757
528 693.2646128481454 4015.738671974464 -5.017167981109157
529 681.6539204833514 4029.013852600639 -5.016261692732492
530 712.6435848116612 3993.646477878266 -1.990117240604522
531 718.4213410913568 3986.975980135225 -4.997654106437169
532 671.9783823289433 4040.076537071322 -5.011851918800647
533 675.8485895750987 4035.651456272471 -5.014370498707257
534 683.6169019787235 4026.834471493997 -1.983324891404895
535 695.2276078737667 4013.559302701798 -1.982957295748657
536 699.0978372473924 4009.134241255909 -1.9833925755227
537 708.77338718446 3998.071567090203 -1.986693025964402
538 701.0050896504609 4006.888564873606 -5.0163386695807
539 710.6807202103657 3995.825961222114 -5.012048462262729
540 714.5510039535751 3991.400947328832 -5.007364835042427
541 716.5137424571061 3989.221353697566 -1.997305745583519
542 722.4488457786456 3982.434013163035 -2.062682576541291
543 685.5241480982183 4024.58878961648 -5.01686256135001
544 670.0710133072255 4042.322111456945 -1.989885490011953
545 679.7466596023195 4031.25952156738 -1.984113827784834
546 702.9680624877406 4004.709176194857 -1.984217009958718
547 706.8104599999184 4000.250995697521 -5.014516477506707
548 677.8115363054247 4033.472044759856 -1.984706825956718
549 697.1348495237162 4011.313616914823 -5.016915788919059
550 666.1731284961793 4046.714208154977 -5.002704041890063
551 689.4325867003367 4020.186137516264 -1.933531056546295
552 482.0245 4254.142 -7
553 557.7287 4150.959 -7
554 481.9545 4254.072 -14
555 557.6588 4150.889 -14
556 483.797421425788 4251.751233796434 -7
557 485.5703428515531 4249.360467592898 -7
558 487.3432642772872 4246.969701389406 -7
559 489.1161857030191 4244.578935185915 -7
560 490.88910712875 4242.188168982426 -7
561 492.6620285544791 4239.79740277894 -7
562 494.4349499802081 4237.406636575452 -7
563 496.207871405944 4235.015870371957 -7
564 497.980792831727 4232.625104168397 -7
565 499.7537142575114 4230.234337964836 -7
566 501.5266356832969 4227.843571761274 -7
567 503.2995571090323 4225.452805557778 -7
568 505.0724785347663 4223.062039354286 -7
569 506.8453999605004 4220.671273150792 -7
570 508.6183213862345 4218.280506947299 -7
571 510.3912428119821 4215.889740743787 -7
572 512.1641642377701 4213.498974540221 -7
573 513.9370856635946 4211.108208336605 -7
574 515.7100070894312 4208.717442132975 -7
575 517.4829285152192 4206.326675929408 -7
576 519.2558499409788 4203.93590972588 -7
577 521.0287713667129 4201.545143522387 -7
578 522.8016927924422 4199.154377318901 -7
579 524.5746142181713 4196.763611115413 -7
580 526.3475356439003 4194.372844911927 -7
581 528.1204570696726 4191.982078708382 -7
582 529.8933784954679 4189.591312504806 -7
583 531.6662999213049 4187.200546301175 -7
584 533.43922134711 4184.809780097585 -7
585 535.2121427728939 4182.419013894025 -7
586 536.9850641986279 4180.028247690531 -7
587 538.7579856243866 4177.637481487005 -7
588 540.5309070501696 4175.246715283445 -7
589 542.3038665637163 4172.855977323922 -7
590 544.0768826380507 4170.465281311938 -7
591 545.844107555337 4168.070311826016 -7
592 547.5942507570362 4165.66305934164 -7
593 549.2775214657863 4163.208346905781 -7
594 550.9563193997654 4160.750575986895 -7
595 552.6331330412553 4158.291448207375 -7
596 554.3211030523909 4155.840018001318 -7
597 556.0249015261367 4153.399509000743 -7
598 483.7274222188026 4251.681232727062 -14
599 485.5003444375812 4249.290465454156 -14
600 487.2732666563274 4246.899698181294 -14
601 489.0461888750256 4244.508930908497 -14
602 490.8191110937153 4242.118163635711 -14
603 492.592033312405 4239.727396362926 -14
604 494.3649555310964 4237.336629090138 -14
605 496.1378777497889 4234.945861817348 -14
606 497.9107999684836 4232.555094544555 -14
607 499.6837221871783 4230.164327271763 -14
608 501.456644405873 4227.77355999897 -14
609 503.229566624618 4225.38279272611 -14
610 505.0024888433848 4222.99202545322 -14
611 506.7754110621823 4220.601258180289 -14
612 508.5483332809354 4218.210490907418 -14
613 510.3212554996662 4215.819723634576 -14
614 512.0941777183583 4213.428956361787 -14
615 513.8670999370489 4211.038189089 -14
616 515.6400221557385 4208.647421816215 -14
617 517.4129443744282 4206.256654543428 -14
618 519.1858665931206 4203.865887270639 -14
619 520.9587888118153 4201.475119997846 -14
620 522.7317110305613 4199.084352724984 -14
621 524.5046332493304 4196.693585452093 -14
622 526.277555468133 4194.302818179154 -14
623 528.0504776869316 4191.912050906221 -14
624 529.823399905717 4189.521283633307 -14
625 531.5963221244606 4187.130516360448 -14
626 533.3692443431692 4184.739749087636 -14
627 535.1421665618589 4182.348981814851 -14
628 536.9150887805484 4179.958214542065 -14
629 538.6880109992653 4177.567447269243 -14
630 540.4609332180089 4175.176679996384 -14
631 542.233893525956 4172.785940968629 -14
632 544.0069103932933 4170.395243887377 -14
633 545.7741359191989 4168.00027319593 -14
634 547.5242786133048 4165.593018718864 -14
635 549.2075500749939 4163.138305184994 -14
636 550.8863486492252 4160.680533091157 -14
637 552.5631630406901 4158.221404211762 -14
638 554.2511458141338 4155.76998128809 -14
639 555.9549729070192 4153.329490644113 -14
640 482.0011666666667 4254.118666666667 -9.333333333332558
641 481.9778333333333 4254.095333333333 -11.66666666666745
642 557.7054666600361 4150.935666660036 -9.333333996386504
643 557.6821333300181 4150.912333330018 -11.66666699818782
644 483.0118661897631 4252.674414886122 -12.79657738573223
645 556.8324271734599 4152.213924445789 -8.192360952112507
646 483.3133963378041 4252.36892747424 -8.490708996399757
647 486.4278427540264 4248.143608011696 -9.57739405184334
648 556.20231615533 4153.014479036771 -12.38541404308384
649 553.427888283668 4157.016816715828 -11.42256695006707
650 538.1629632508426 4178.378848093061 -9.598048903287488
651 545.5077817555101 4168.422085228759 -11.49987241034233
652 489.6958637729665 4243.736332133817 -9.593716809116517
653 493.1593898887302 4239.065353337053 -9.612863429042566
654 496.7549289662301 4234.217101621758 -9.600279237464946
655 500.1834124477265 4229.594094050774 -9.588912801928652
656 504.0354855748308 4224.403174811817 -9.437260991761411
657 507.6539567611265 4219.521891611796 -9.514426960140547
658 511.2487427144816 4214.672881162548 -9.577394051894203
659 514.7945855661176 4209.891348755333 -9.577394051950071
660 518.3404284177049 4205.109816348188 -9.577394051863781
661 521.8862712691837 4200.328283941188 -9.577394051837594
662 525.4321141206419 4195.546751534212 -9.577394051837487
663 528.9995721181319 4190.736873483038 -9.54323777473785
664 532.6157627956777 4185.862247324571 -9.467888739132722
665 541.170722407037 4174.327855604243 -9.387717083449072
666 548.6739712531577 4164.026427593652 -9.525166238448699
667 550.4084116442739 4161.445661811583 -11.39672062032097
668 539.7698208749712 4176.163410302248 -11.66775808408927
669 539.8155570349915 4176.15675664041 -9.324929930081534
670 534.439693309587 4183.356957677109 -11.41544750685415
671 516.55544408843 4207.473514668884 -11.42260479539136
672 513.0095996510505 4212.255049214454 -11.42260479539113
673 509.4375817580418 4217.071079351398 -11.45662848395446
674 505.8308492682937 4221.933237735477 -11.51977844428343
675 502.1843405217001 4226.849024700337 -11.58332398348594
676 498.5141578108705 4231.79354890526 -11.7825676220037
677 494.9091961685957 4236.655530138031 -11.75157971006364
678 491.3422801236624 4241.468078028713 -11.64093411781553
679 487.9575302602661 4246.036677344361 -11.45787447688419
680 551.9470844607869 4159.234883842356 -9.541510360659943
681 520.1012885258153 4202.691980123304 -11.42260479538586
682 523.647132963293 4197.910445577603 -11.42260479529308
683 527.1929774008814 4193.128911031749 -11.42260479524273
684 530.7807524609564 4188.289378891282 -11.48454179034277
685 547.0500455078911 4166.317010520544 -11.6943196249714
686 543.4314085339939 4171.226895179781 -11.62997278118879
687 555.2383138227185 4154.407299670319 -11.89107797232097
688 535.9998064257641 4181.251692187804 -11.47800217705911
689 498.6332645737114 4231.688347830857 -9.423044210575274
690 495.1839171652293 4236.339758207313 -9.422998385958863
691 491.7728430188973 4240.939876296826 -9.409377403926557
692 484.373851301947 4250.924743141999 -9.094151400879849
693 488.4107448480223 4245.473474318653 -9.416044839530617
694 547.0895372517534 4166.317931563843 -9.378149515186141
695 551.6579196166243 4159.608543996948 -11.58541882150993
696 483.2509258182309 4252.402033007023 -10.66807931334831
697 556.5368794629812 4152.581002924511 -10.50500132126186
698 555.2580083986502 4154.441292211 -9.33379721358186
699 484.5684591628523 4250.597624552383 -11.84876869467434
700 536.0762165384159 4181.207029295005 -8.992347042125242
701 541.6392797826547 4173.64142212343 -11.71259078446261
702 544.0755898838423 4170.410381627938 -9.411996854195817
703 548.3887301819475 4164.381307463355 -12.01009455554806
704 553.4350131895128 4157.061108040191 -9.203257210432868
705 550.0332703145862 4162.051903948734 -9.123124092530983
706 537.8235999287306 4178.779182561543 -12.03763644274788
707 532.5047891082514 4185.951451628929 -12.04156689310426
708 528.9589302160723 4190.732975455481 -12.04285330145211
709 525.41307731861 4195.514503727753 -12.04360619535022
710 521.8672297272133 4200.29603593474 -12.0438868754213
711 518.321386462061 4205.077571349672 -12.0437825489418
712 514.7755470867904 4209.859109649157 -12.04333204175373
713 511.2297141606848 4214.640652731154 -12.04230758518911
714 507.6838876531309 4219.422200573105 -12.04071189722736
715 504.1380720857467 4224.203756528183 -12.03814256946803
716 500.5922737803953 4228.985325284104 -12.03403699845779
717 497.0465115584105 4233.766920798198 -12.02672016266872
718 493.5008342826052 4238.548579305857 -12.01184346359138
719 489.955426086814 4243.330437355275 -11.97301974063197
720 534.3036592651182 4183.598065543215 -8.959938957729081
721 530.7578340435014 4188.379611024286 -8.958369959644886
722 486.1901830301143 4248.411586229993 -11.81302071977561
723 527.2120056930576 4193.161154185078 -8.957079415953228
724 523.6661707979372 4197.942692492281 -8.956371332454559
725 520.1203308724771 4202.724227069092 -8.956110930289315
726 516.5744874580522 4207.505759058717 -8.95616102645069
727 513.0286385837549 4212.287286999719 -8.956697018102062
728 509.4827841940882 4217.068810850539 -8.957723861319346
729 505.9369218794318 4221.850328824217 -8.959456005100449
730 502.3910466354833 4226.631837209902 -8.962338803730223
731 545.3968427948789 4168.628447763923 -9.159874559984358
732 542.6811829942355 4172.291131164116 -9.388071823840669
733 557.7287 4150.959 -7
734 566.9653 4138.874 -7
735 557.6588 4150.889 -14
736 566.8953 4138.804 -14
737 559.1798497459018 4148.879620054597 -7
738 560.7415930407125 4146.88229371628 -7
739 562.3109310156265 4144.890602258411 -7
740 563.8802689903066 4142.898910800838 -7
741 565.4303782401013 4140.892333900373 -7
742 559.1098810979565 4148.809583779203 -14
743 560.671616653207 4146.812263748991 -14
744 562.2409487250254 4144.820579782909 -14
745 563.8102807965678 4142.828895817175 -14
746 565.3603840136883 4140.822326308437 -14
747 557.6821333300181 4150.912333330018 -11.66666699818781
748 557.7054666600361 4150.935666660036 -9.3333339963865
749 566.9186333333333 4138.827333333333 -11.66666666666304
750 566.9419666666666 4138.850666666667 -9.333333333336954
751 566.1098459214436 4139.97231017638 -8.147448481424712
752 558.5051703425811 4149.705536035363 -12.79184074884539
753 558.6471744672341 4149.607586854919 -8.45382652336485
754 561.4159653752647 4145.969162032821 -9.523725526428146
755 565.9050739480662 4140.142067932143 -12.44585414341166
756 563.0498352006496 4143.843822109451 -11.80430417337502
757 561.490218846536 4145.819753095606 -11.95513240324549
758 563.0097901226379 4143.953665746571 -9.203248692645978
759 558.7123841495211 4149.461713446174 -10.60865254797291
760 559.7075649382333 4148.083542967073 -11.89462037842606
761 565.9391874991583 4140.146964694148 -10.29659468993463
762 564.9503136643226 4141.480372285333 -8.866955301590711
763 564.7276647453135 4141.709736051839 -11.60597647770023
764 559.6038642373186 4148.278334865304 -9.110186135902465
765 562.2538446978041 4144.881206447052 -10.60692146924283
766 566.9653 4138.874 -7
767 647.7289 4065.244 -7
768 566.8953 4138.804 -14
769 647.6589 4065.174 -14
770 568.7603012398376 4136.50540092056 -7
771 570.5430842681263 4134.127575254306 -7
772 572.3668995518673 4131.781747012235 -7
773 574.2386021735474 4129.473262764858 -7
774 576.5813110226915 4127.675560229488 -7
775 578.9250090174016 4125.903332231132 -7
776 580.7016490069932 4123.523184340009 -7
777 582.5723075917647 4121.214877542581 -7
778 584.5444957394395 4118.99162673939 -7
779 586.6314656137346 4116.87576299923 -7
780 588.7186743903486 4114.760123675952 -7
781 590.815533890883 4112.654313672163 -7
782 593.0058762078879 4110.646648030375 -7
783 595.2432451388011 4108.690500669339 -7
784 597.4750206829466 4106.727964518228 -7
785 600.0701514824734 4105.306179732836 -7
786 602.6629191480113 4103.871566177487 -7
787 605.0453952003655 4102.095002617036 -7
788 607.4152126189434 4100.301907888694 -7
789 609.7174751777327 4098.424300285104 -7
790 611.7549952762356 4096.260765660636 -7
791 613.7973331444338 4094.10182778162 -7
792 615.862890433552 4091.965044379084 -7
793 618.047841306039 4089.953210778437 -7
794 620.2807539013357 4087.99202519457 -7
795 622.5354132292947 4086.0558223284 -7
796 624.8149681121538 4084.150312308043 -7
797 627.1747841619302 4082.343758008961 -7
798 629.4403198245168 4080.421341259276 -7
799 631.6887991317953 4078.477965066536 -7
800 633.9386557675281 4076.536183579678 -7
801 636.2316487720776 4074.647989945253 -7
802 638.6092663308759 4072.864929383187 -7
803 640.9239552637479 4071.002094719618 -7
804 643.2116011320945 4069.104979381712 -7
805 645.4992470004011 4067.207864043839 -7
806 568.6903009527132 4136.435401303518 -14
807 570.4730836938774 4134.057576020223 -14
808 572.2968986475312 4131.711748127607 -14
809 574.168600967781 4129.403264252002 -14
810 576.5113089109902 4127.605561355555 -14
811 578.8549514758691 4125.833269790768 -14
812 580.6316224705522 4123.453146776793 -14
813 582.502315904745 4121.144868171345 -14
814 584.474503734791 4118.921617726218 -14
815 586.5614737392175 4116.805754763067 -14
816 588.6486821797474 4114.69011578045 -14
817 590.7455415811315 4112.584306358955 -14
818 592.9358838469979 4110.576641371725 -14
819 595.1732523893808 4108.620494293462 -14
820 597.4050275740898 4106.657958458426 -14
821 600.0001592686951 4105.236175856145 -14
822 602.5929188636326 4103.8015520449 -14
823 604.975366291104 4102.024950898161 -14
824 607.3452184058167 4100.231903223505 -14
825 609.6474799456449 4098.35429522231 -14
826 611.6849997161947 4096.190760946079 -14
827 613.7273434854266 4094.031829436289 -14
828 615.7929363628552 4091.89508110214 -14
829 617.9778724585615 4089.883230183622 -14
830 620.2107615198396 4087.922018652131 -14
831 622.4654204846356 4085.98581609783 -14
832 624.744975325824 4084.080306785626 -14
833 627.1047909955533 4082.273752777489 -14
834 629.370325973602 4080.351335944576 -14
835 631.6188049086144 4078.407960052947 -14
836 633.8686355096887 4076.466149133758 -14
837 636.1616221097629 4074.577950403682 -14
838 638.5392612581174 4072.794919428266 -14
839 640.8539563690522 4070.932093803003 -14
840 643.1416018689641 4069.034978770635 -14
841 645.4292473688359 4067.1378637383 -14
842 566.9419666666666 4138.850666666667 -9.333333333336961
843 566.9186333333333 4138.827333333333 -11.66666666666305
844 647.7055666666666 4065.220666666667 -9.333333333332817
845 647.6822333333333 4065.197333333334 -11.66666666666719
846 646.6144758303976 4066.233590739766 -8.283717224277776
847 646.2519028597435 4066.484108192352 -12.44179125482136
848 567.9323143352448 4137.473715400031 -12.56691479629058
849 568.2176189265081 4137.192768863399 -8.498751801317466
850 577.6396867081968 4126.990085411979 -11.48471117735506
851 573.08758477384 4130.793249880554 -11.46109699133623
852 596.2877110047436 4107.725205003473 -9.491975967130672
853 601.1618507067124 4104.696332162366 -11.42622523473896
854 639.6904015451074 4071.944073913536 -11.42746574052083
855 614.8082025430363 4093.002561570424 -9.633097725584733
856 610.634863405562 4097.357770001881 -11.48162914207132
857 589.8021503798009 4113.610077948971 -9.573043878279289
858 619.1109872169312 4088.93185110595 -11.42725920278565
859 632.8694882346845 4077.411624106855 -9.540153497380459
860 585.3415857870589 4118.094471341094 -11.40705283529686
861 581.3958870802479 4122.587256313081 -9.555534908811325
862 623.6878346700585 4084.983318084629 -11.45755532386752
863 628.4518489151808 4081.193400916529 -11.41360804652362
864 606.2411284937159 4101.153676721536 -9.546412062792722
865 644.3050718867299 4068.110113009091 -11.81417688569351
866 642.0446490907182 4070.025646702896 -9.573189187080359
867 571.2034105821449 4133.187210938549 -9.555507926063855
868 593.9383968232559 4109.750266225443 -11.46384783464907
869 621.4312971544986 4086.956749279375 -9.541466405844975
870 575.089625632226 4128.655446973131 -9.492397971033363
871 635.0171745278368 4075.522858340444 -11.42759480247971
872 626.1161685032596 4083.109956079526 -9.504822094088146
873 637.3988497267629 4073.727646765466 -9.572516089156268
874 569.4153153842384 4135.52313507793 -11.65454560641356
875 587.6495830235889 4115.792798860206 -9.531688635772412
876 579.7331938452239 4124.69162825121 -9.484321740323928
877 598.7875570064169 4105.877508848946 -11.49054581666421
878 630.6784921288229 4079.264582088293 -11.64502110851574
879 608.3734640720495 4099.483899188435 -9.519014399948308
880 612.878901595455 4095.01503839001 -9.537079897625576
881 616.7319589003549 4091.067465782192 -9.487515258832897
882 603.8327310969144 4102.954550769521 -9.55869996464034
883 583.5441527314101 4120.023012225362 -11.52699150613001
884 592.1451528630995 4111.312653185804 -11.50118989171543
885 646.4187614034546 4066.369387672597 -10.49841012663828
886 568.0872801887925 4137.315971599328 -10.57952313421264
887 644.596286837694 4067.917386060961 -9.147899456912956
888 569.4063459143949 4135.595416549183 -9.069963577768958
889 579.3969229466454 4125.086091082365 -11.98203951016517
890 577.7493744858699 4126.947853942204 -8.992745152304678
891 575.4912843643152 4128.325545442191 -11.99987649106025
892 630.3617804050369 4079.586714012396 -9.049119779151729
893 588.8360829335522 4114.549782951516 -11.53575458115364
894 583.5372996776028 4120.084533114518 -8.998180759681967
895 598.7134349134308 4105.951959101169 -8.983988192826363
896 591.7280122864024 4111.747918825114 -8.981261219790445
897 573.2809607878156 4130.609837650682 -8.994405098997932
898 601.4688888527492 4104.580283824048 -8.967884042993377
899 616.6355569658125 4091.105801193452 -11.97195382541467
900 603.8006295476479 4102.935360733366 -12.02923859087368
901 596.3074677337199 4107.660068503431 -12.03343594267912
902 608.2735822676545 4099.519961449349 -11.98053561392242
903 642.0156858401976 4070.005129194708 -12.0078184195423
904 571.4231420317939 4132.838200603733 -11.95243174836942
905 635.0513129301457 4075.539073419607 -8.975786749287296
906 612.7725384910306 4095.076452190332 -12.03617628244346
907 581.8279063447785 4121.98630911108 -11.96582605945399
908 637.3671055534525 4073.708655883227 -12.01810921167845
909 639.4683890626011 4072.172652091718 -8.996678555010552
910 619.1105276405031 4088.978616436088 -8.963358242153138
911 594.0076329499213 4109.736736188207 -8.962325095381047
912 614.5828292749443 4093.185064698337 -12.12279345970815
913 623.7418366690097 4084.983282060134 -8.964569457400883
914 625.941637741453 4083.198915494384 -12.03391658839304
915 632.7619047841662 4077.458123694862 -12.02807121293753
916 605.926253014439 4101.347712771404 -11.95493153819675
917 628.2453897338959 4081.417455246434 -8.967118088923446
918 610.71603852414 4097.323512621865 -8.962616980562577
919 621.3561350385405 4086.974929199452 -12.03593110353856
920 585.5653471776324 4117.916831899556 -8.965189769019696
921 587.1355323135367 4116.266001045664 -11.90803294733837
922 590.5998589852197 4112.770718244637 -11.54625433780432
923 580.6543318879174 4123.491365739216 -11.04421052925084
924 647.7289 4065.244 -7
925 655.0321 4058.415 -7
926 647.6589 4065.174 -14
927 654.9621 4058.345 -14
928 649.5670598221914 4063.549911828716 -7
929 651.4254255893571 4061.878502773308 -7
930 653.2287627947215 4060.146751386613 -7
931 649.4970598221962 4063.479911828712 -14
932 651.3554255893685 4061.808502773297 -14
933 653.1587627947285 4060.076751386606 -14
934 647.7055666666666 4065.220666666667 -9.333333333332817
935 647.6822333333333 4065.197333333334 -11.66666666666719
936 655.0087666666667 4058.391666666667 -9.333333333333853
937 654.9854333333333 4058.368333333333 -11.66666666666563
938 648.6358011568414 4064.275066996143 -12.85173074730761
939 654.0831645622734 4059.286709160196 -9.017904147863693
940 648.9213032750249 4064.090268350993 -8.506059512282834
941 652.4723231679575 4060.833166760558 -9.040316347135477
942 653.7024531599161 4059.583246896684 -12.54087005705477
943 652.2070678957399 4061.037113670874 -11.63066540953585
944 648.929576701431 4064.040565878733 -10.66250958805957
945 650.4796327072869 4062.7165176669 -9.320318026598613
946 650.0080066630654 4063.072294521205 -12.1370781087021
947 653.3733232286367 4059.935006784771 -10.71996862931223
948 655.0321 4058.415 -7
949 727.1081 3977.001 -7
950 654.9621 4058.345 -14
951 727.0381 3976.931 -14
952 657.1276482543149 4056.353777411646 -7
953 659.2231965086523 4054.29255482327 -7
954 661.3141786638292 4052.227025353141 -7
955 663.2492939972855 4050.01449519565 -7
956 665.1844093306958 4047.801965038213 -7
957 667.1195246641507 4045.589434880723 -7
958 669.0546399975964 4043.376904723245 -7
959 670.9897553310324 4041.164374565778 -7
960 672.9248706644298 4038.951844408355 -7
961 674.8599859978067 4036.739314250955 -7
962 676.7951013311728 4034.526784093568 -7
963 678.730216664581 4032.314253936132 -7
964 680.6653319979448 4030.101723778747 -7
965 682.6004473313227 4027.889193621347 -7
966 684.5355626647324 4025.676663463909 -7
967 686.470677998171 4023.464133306439 -7
968 688.4057933316058 4021.251603148973 -7
969 690.3409086650553 4019.039072991491 -7
970 692.2760239984723 4016.826542834045 -7
971 694.2111393319176 4014.614012676567 -7
972 696.1462546653659 4012.401482519086 -7
973 698.08136999878 4010.188952361644 -7
974 700.016485332246 4007.976422204142 -7
975 701.9516006656858 4005.76389204667 -7
976 703.8867159991189 4003.551361889206 -7
977 705.8218313325102 4001.33883173179 -7
978 707.756946665891 3999.126301574386 -7
979 709.6920619992543 3996.913771417002 -7
980 711.627177332663 3994.701241259566 -7
981 713.5622926660286 3992.488711102179 -7
982 715.49740799942 3990.276180944762 -7
983 717.4325233328221 3988.063650787334 -7
984 719.3676386662569 3985.851120629868 -7
985 721.3027539996845 3983.638590472411 -7
986 723.23786933314 3981.426060314921 -7
987 725.1729846665521 3979.213530157481 -7
988 657.0576316005298 4056.283760690994 -14
989 659.15316320107 4054.222521381979 -14
990 661.2441253542586 4052.156972064967 -14
991 663.1792422556529 4049.944443474765 -14
992 665.1143591569976 4047.73191488462 -14
993 667.0494760583834 4045.519386294427 -14
994 668.9845929597506 4043.306857704256 -14
995 670.9197098611111 4041.094329114092 -14
996 672.8548267624379 4038.881800523968 -14
997 674.7899436637389 4036.669271933872 -14
998 676.7250605650291 4034.456743343789 -14
999 678.660177466371 4032.244214753647 -14
1000 680.5952943676688 4030.031686163556 -14
1001 682.5304112689779 4027.819157573451 -14
1002 684.4655281703084 4025.606628983322 -14
1003 686.4006450716723 4023.394100393154 -14
1004 688.3357619730226 4021.181571803002 -14
1005 690.2708788744026 4018.969043212817 -14
1006 692.2059957757508 4016.756514622668 -14
1007 694.1411126771302 4014.543986032482 -14
1008 696.0762295785119 4012.331457442295 -14
1009 698.0113464798578 4010.118928852148 -14
1010 699.9464633812436 4007.906400261956 -14
1011 701.8815802825947 4005.693871671803 -14
1012 703.816697183952 4003.481343081643 -14
1013 705.7518140852801 4001.268814491517 -14
1014 707.6869309865916 3999.056285901409 -14
1015 709.6220478878894 3996.843757311318 -14
1016 711.5571647892311 3994.631228721176 -14
1017 713.492281690529 3992.418700131084 -14
1018 715.4273985918393 3990.206171540978 -14
1019 717.3625154931685 3987.99364295085 -14
1020 719.2976323945313 3985.781114360684 -14
1021 721.2327492958962 3983.568585770516 -14
1022 723.167866197282 3981.356057180324 -14
1023 725.1029830986279 3979.143528590177 -14
1024 655.0087666666667 4058.391666666667 -9.333333333333853
1025 654.9854333333333 4058.368333333333 -11.66666666666563
1026 727.0847666666667 3976.977666666667 -9.333333333334371
1027 727.0614333333333 3976.954333333333 -11.66666666666615
1028 656.3050382932694 4057.048872871829 -12.74908177500355
1029 725.8424827155856 3978.421206222487 -8.25260396330872
1030 725.5177443836483 3978.70194584157 -12.47740599839921
1031 656.6988477610303 4056.744571711451 -8.561908326506924
1032 659.7682707065342 4053.706093316857 -9.536563620566637
1033 722.600319945317 3982.059753604282 -11.44415143237586
1034 718.6014494700993 3986.630604003553 -11.50439833051661
1035 714.6533117387564 3991.144717067042 -11.50546858618403
1036 710.7351965900855 3995.62451983607 -11.50577955171951
1037 706.8312648638262 4000.08810526397 -11.50611886257875
1038 702.9348323439018 4004.543116035888 -11.50647572784153
1039 699.0425935167282 4008.993334044094 -11.50673323236227
1040 695.1530158576662 4013.440510220759 -11.50695168233873
1041 691.2650452351974 4017.886367976189 -11.4829559176516
1042 687.3837867628768 4022.324042308359 -11.48270936718494
1043 683.5019125858119 4026.762421626839 -11.48241545237066
1044 679.6186647731171 4031.202372719837 -11.48206476515444
1045 675.7329408787534 4035.645153123904 -11.48179513920095
1046 671.8428055678628 4040.092976864902 -11.48154850160624
1047 667.9442356577175 4044.550444731452 -11.48128522774028
1048 663.9867148554932 4049.076145675278 -11.44224700179977
1049 697.1158329215208 4011.239469928971 -9.493155435708083
1050 701.0067147035437 4006.790792570449 -9.493408304971137
1051 704.9007522418932 4002.338505101472 -9.493752166845846
1052 708.8003552178451 3997.879856303654 -9.494004565957006
1053 712.7101557502978 3993.409542849539 -9.494499366941978
1054 716.6402706314738 3988.915999989927 -9.495126039975684
1055 720.6190675048302 3984.366744444268 -9.498166063182397
1056 693.2256202298101 4015.687096987717 -9.50621297852153
1057 689.3419051782846 4020.127339708112 -9.517180697417302
1058 685.4604137725294 4024.565269464985 -9.517442772458374
1059 681.5779538571807 4029.004305279069 -9.517765325619484
1060 677.69363244172 4033.445468984883 -9.518109800195429
1061 673.8060205432 4037.890398860624 -9.518269105245453
1062 669.912391395753 4042.342204567255 -9.518616925266652
1063 666.0043092315173 4046.810530227365 -9.519199100523895
1064 661.6522927604567 4051.740687295619 -11.65402834725705
1065 724.4201264665539 3979.969215793902 -11.90356781797987
1066 657.86061191626 4055.590607357175 -9.128056183449782
1067 725.7426203937757 3978.487174014037 -10.50190694407846
1068 656.4940430802426 4056.904797712727 -10.64012529442041
1069 657.8765106428903 4055.516905719595 -12.05519669992747
1070 724.3618305727119 3980.098980790423 -8.959034308665684
1071 662.4815651348493 4050.845054326928 -9.203552614070544
1072 659.7923296862011 4053.634111154971 -11.97237702400607
1073 664.1955832474783 4048.889628409391 -9.002424329775767
1074 666.1031832880499 4046.644249932223 -12.00277001165431
1075 668.065917912528 4044.464659052956 -8.99263288809847
1076 669.9733384546796 4042.219123975332 -12.00986009009379
1077 671.936198501287 4040.039642400556 -8.987932734232764
1078 673.8435323697222 4037.794031908659 -12.01330199001669
1079 675.8064551803348 4035.614604836527 -8.985483673640029
1080 677.713742847426 4033.368954328078 -12.01518450776678
1081 679.6767004822684 4031.189557321858 -8.984105771301216
1082 681.5839618341632 4028.943884189626 -12.01626589935745
1083 683.5469394320294 4026.764504251491 -8.983325926062822
1084 685.4541859420439 4024.518818530126 -12.01686513844342
1085 687.4171743635075 4022.339447666473 -8.982924411769826
1086 689.3244133440496 4020.093755751618 -12.01715424023523
1087 691.2874062805812 4017.914388444979 -8.982806705414514
1088 693.194643666982 4015.668695527793 -12.01716833666145
1089 695.1576354162064 4013.489326790779 -8.982950873059769
1090 697.0648768324335 4011.24363779005 -12.01691481091764
1091 699.0278613713612 4009.064262354901 -8.983394481820525
1092 700.9351134214577 4006.818583046648 -12.01633895419021
1093 702.898083425684 4004.639194507253 -8.984205356137956
1094 704.8053549617397 4002.393532633778 -12.01529693202823
1095 706.7682989010699 4000.214120905744 -8.985635629670291
1096 708.6756048022083 3997.968489480546 -12.01347343878849
1097 710.6385030715517 3995.789037416859 -8.988130257774008
1098 712.5458709744098 3993.543460611307 -12.01011231114822
1099 714.5086825422732 3991.363932325145 -8.992950372297843
1100 716.4161726526927 3989.118462796351 -12.0034082773078
1101 718.3787907526681 3986.938764907871 -9.004479661064016
1102 720.2865340034322 3984.693517171816 -11.99108607797604
1103 722.4898468546241 3982.237231958458 -9.056868334335832
1104 481.9545 4254.072 -14
1105 557.6588 4150.889 -14
1106 481.8845 4254.002 -21
1107 557.5888 4150.819 -21
1108 483.7274222188026 4251.681232727062 -14
1109 485.5003444375812 4249.290465454156 -14
1110 487.2732666563274 4246.899698181294 -14
1111 489.0461888750256 4244.508930908497 -14
1112 490.8191110937153 4242.118163635711 -14
1113 492.592033312405 4239.727396362926 -14
1114 494.3649555310964 4237.336629090138 -14
1115 496.1378777497889 4234.945861817348 -14
1116 497.9107999684836 4232.555094544555 -14
1117 499.6837221871783 4230.164327271763 -14
1118 501.456644405873 4227.77355999897 -14
1119 503.229566624618 4225.38279272611 -14
1120 505.0024888433848 4222.99202545322 -14
1121 506.7754110621823 4220.601258180289 -14
1122 508.5483332809354 4218.210490907418 -14
1123 510.3212554996662 4215.819723634576 -14
1124 512.0941777183583 4213.428956361787 -14
1125 513.8670999370489 4211.038189089 -14
1126 515.6400221557385 4208.647421816215 -14
1127 517.4129443744282 4206.256654543428 -14
1128 519.1858665931206 4203.865887270639 -14
1129 520.9587888118153 4201.475119997846 -14
1130 522.7317110305613 4199.084352724984 -14
1131 524.5046332493304 4196.693585452093 -14
1132 526.277555468133 4194.302818179154 -14
1133 528.0504776869316 4191.912050906221 -14
1134 529.823399905717 4189.521283633307 -14
1135 531.5963221244606 4187.130516360448 -14
1136 533.3692443431692 4184.739749087636 -14
1137 535.1421665618589 4182.348981814851 -14
1138 536.9150887805484 4179.958214542065 -14
1139 538.6880109992653 4177.567447269243 -14
1140 540.4609332180089 4175.176679996384 -14
1141 542.233893525956 4172.785940968629 -14
1142 544.0069103932933 4170.395243887377 -14
1143 545.7741359191989 4168.00027319593 -14
1144 547.5242786133048 4165.593018718864 -14
1145 549.2075500749939 4163.138305184994 -14
1146 550.8863486492252 4160.680533091157 -14
1147 552.5631630406901 4158.221404211762 -14
1148 554.2511458141338 4155.76998128809 -14
1149 555.9549729070192 4153.329490644113 -14
1150 483.6574222188343 4251.611232727019 -21
1151 485.4303444376446 4249.220465454071 -21
1152 487.2032666564224 4246.829698181166 -21
1153 488.9761888751523 4244.438930908326 -21
1154 490.7491110938743 4242.048163635497 -21
1155 492.5220333125982 4239.657396362665 -21
1156 494.2949555313238 4237.266629089831 -21
1157 496.0678777500498 4234.875861816996 -21
1158 497.8407999687737 4232.485094544164 -21
1159 499.6137221874962 4230.094327271334 -21
1160 501.3866444062176 4227.703559998506 -21
1161 503.1595666249941 4225.312792725603 -21
1162 504.9324888437945 4222.922025452668 -21
1163 506.7054110626288 4220.531258179687 -21
1164 508.4783332814185 4218.140490906766 -21
1165 510.2512555001853 4215.749723633877 -21
1166 512.0241777189117 4213.358956361041 -21
1167 513.7970999376381 4210.968189088206 -21
1168 515.5700221563644 4208.577421815371 -21
1169 517.3429443750908 4206.186654542536 -21
1170 519.1158665938145 4203.795887269704 -21
1171 520.8887888125359 4201.405119996875 -21
1172 522.6617110313086 4199.014352723977 -21
1173 524.4346332501061 4196.623585451046 -21
1174 526.2075554689404 4194.232818178066 -21
1175 527.9804776877747 4191.842050905085 -21
1176 529.7533999065968 4189.45128363212 -21
1177 531.5263221253772 4187.060516359213 -21
1178 533.2992443441191 4184.669749086356 -21
1179 535.0721665628404 4182.278981813528 -21
1180 536.8450887815618 4179.888214540699 -21
1181 538.6180110003103 4177.497447267834 -21
1182 540.3909332190856 4175.106679994933 -21
1183 542.1638935270786 4172.715940967115 -21
1184 543.9369103944015 4170.325243885883 -21
1185 545.7041359203392 4167.930273194378 -21
1186 547.4542786144383 4165.523018717212 -21
1187 549.1375500760818 4163.068305183408 -21
1188 550.8163486503163 4160.610533089557 -21
1189 552.4931630413153 4158.151404210845 -21
1190 554.1811458147278 4155.699981287238 -21
1191 555.8849729073356 4153.25949064366 -21
1192 481.9311666666665 4254.048666666667 -16.33333333334758
1193 481.9078333333331 4254.025333333333 -18.66666666668558
1194 557.6353666766786 4150.865666676678 -16.33333233213945
1195 557.6120333433122 4150.842333343312 -18.66666566878542
1196 483.1200815808302 4252.367235816795 -19.66276619096609
1197 556.5822849748761 4152.400281257888 -15.25670831381762
1198 556.2294563152094 4152.803723352801 -19.44793917917357
1199 483.3828138985739 4252.109769539118 -15.53988087829355
1200 545.034461048409 4168.901367457559 -18.50069050375449
1201 541.4890513847354 4173.685309853621 -18.46946481578728
1202 487.7701396861055 4246.168045627946 -16.62400186399357
1203 491.4011008970729 4241.275321860898 -16.47114331299637
1204 495.0912707148339 4236.298144699143 -16.51463226939809
1205 498.7683002544843 4231.338234419097 -16.57739520461537
1206 502.3141446918975 4226.556699873479 -16.57739520465234
1207 511.1787557856647 4214.602863509121 -16.5773952046108
1208 514.7246002230469 4209.821328963546 -16.57739520460829
1209 518.2704446604273 4205.039794417973 -16.57739520461064
1210 507.5694631489042 4219.470807391197 -16.54119764481853
1211 521.8162890978399 4200.258259872355 -16.57739520465324
1212 534.2267446291673 4183.522888962183 -16.57739520460833
1213 537.7244389983333 4178.813393864467 -16.27466536643815
1214 530.8209331182719 4188.072511290849 -18.41173430552423
1215 525.3742333870855 4195.461218672885 -16.54291043778944
1216 548.2789632364636 4164.429612474905 -16.55665428101
1217 553.5155649400554 4156.71650390438 -18.40281391984701
1218 539.8534399408192 4175.889935853831 -18.51109259347989
1219 543.3216067018082 4171.261229786171 -16.47245442026739
1220 549.9863369055793 4161.89135756667 -18.4226178295681
1221 528.9625875495078 4190.623000764203 -16.51563497636668
1222 504.1924368291347 4223.980670935005 -18.41565837788387
1223 500.529144120205 4228.920420123981 -18.4226047953456
1224 496.9144366386051 4233.794051034691 -18.45516775223957
1225 493.2330071418334 4238.757134164087 -18.50994620392987
1226 489.5647021016398 4243.70373075409 -18.51313172915506
1227 551.6951656153374 4159.430791863132 -16.5773786115518
1228 486.2088209920944 4248.229073933719 -18.51431475933617
1229 509.3675756252958 4217.001106164321 -18.45583891361003
1230 512.9395996516232 4212.185049213684 -18.42260479533829
1231 516.4854440890755 4207.403514668016 -18.42260479534023
1232 520.0312885265226 4202.621980122352 -18.42260479534555
1233 523.5771329640562 4197.840445576576 -18.42260479525263
1234 527.1474430252905 4193.024440038122 -18.48559643671052
1235 535.9875884955485 4181.105074666176 -18.42260479534528
1236 505.8479107765301 4221.748118305281 -18.42260479524275
1237 532.4161919556906 4185.920490635019 -18.44710235307222
1238 546.7493049216645 4166.611884583104 -16.55127681211464
1239 555.2658426028645 4154.198041244756 -18.87055059679779
1240 484.4347435849774 4250.610964543243 -18.95861830904063
1241 556.4667982234012 4152.511016378778 -17.50500014628424
1242 483.1718584325492 4252.344897178314 -17.64095994799082
1243 484.3594397126354 4250.780048310753 -16.08284347107765
1244 485.7603641407909 4248.88228212692 -16.45048757006827
1245 555.1847734006286 4154.381890546455 -16.08620019270231
1246 540.5025751958954 4175.065070164718 -16.36134977603828
1247 532.4606043472099 4185.918685518455 -15.97383048456875
1248 544.9869372647074 4169.025928039769 -15.96737010966986
1249 546.750389728075 4166.553139446555 -18.9758731253534
1250 548.3185369423511 4164.311174950728 -19.0269482314112
1251 553.3606718790699 4157.001389502222 -16.04454464646797
1252 551.6775410815402 4159.396505294698 -19.0153523656502
1253 549.8837371597717 4162.102046259759 -15.98109897535296
1254 543.0724797312741 4171.536966002164 -19.03512228701099
1255 534.2077366300555 4183.490703118146 -19.03931510584332
1256 518.2514222633899 4205.007597897462 -19.04059643699633
1257 491.6577533797224 4240.869228902777 -19.02596572538426
1258 514.7055798324888 4209.789133931129 -19.04041786222477
1259 536.0065890900742 4181.137255019255 -15.96134386928091
1260 511.1597391704043 4214.5706712765 -19.04008186978499
1261 498.7493280090623 4231.306075090321 -19.03613311432643
1262 495.2035210670082 4236.08763744146 -19.03279617715111
1263 489.9104193340211 4243.297061680057 -15.97843724671705
1264 516.50446623588 4207.435711002892 -15.95942583564508
1265 512.9586195910173 4212.217243911458 -15.95962229265216
1266 488.1121456500741 4245.650938983938 -19.00489969620476
1267 493.4563658615871 4238.515602841546 -15.96935163635323
1268 497.0022605145874 4233.734105534376 -15.96488265142714
1269 520.0503112387285 4202.654176876643 -15.95937551175199
1270 500.5481317794064 4228.952590883218 -15.96249511959071
1271 537.848934019792 4178.584836491832 -18.85833116289417
1272 521.7972664612876 4200.226063174107 -19.04061775795019
1273 509.4127708263981 4216.998775248126 -15.9600073972864
1274 502.2951512676267 4226.524524838977 -19.03801795062652
1275 530.6878358754745 4188.309566805505 -15.96014762918284
1276 507.6139008795468 4219.352210380455 -19.03953484146868
1277 505.6827103263522 4222.027510202545 -16.01165957817334
1278 523.5961545142036 4197.87264146923 -15.95947892525513
1279 504.093991538653 4224.171067699689 -15.96113154439686
1280 528.8889599301116 4190.662997488734 -19.0402089497384
1281 525.3431122400777 4195.444529622822 -19.04049839754827
1282 527.1419961639335 4193.091104855987 -15.95972703310203
1283 539.141407603209 4176.903533370681 -16.23604425705825
1284 541.9028329956702 4173.181905640652 -16.14744341732182
1285 557.6588 4150.889 -14
1286 566.8953 4138.804 -14
1287 557.5888 4150.819 -21
1288 566.8253 4138.734 -21
1289 559.1098810979565 4148.809583779203 -14
1290 560.671616653207 4146.812263748991 -14
1291 562.2409487250254 4144.820579782909 -14
1292 563.8102807965678 4142.828895817175 -14
1293 565.3603840136883 4140.822326308437 -14
1294 559.0398810979204 4148.739583779254 -21
1295 560.6016166531869 4146.742263749017 -21
1296 562.1709487250259 4144.750579782908 -21
1297 563.7402807966313 4142.758895817095 -21
1298 565.2903840137193 4140.752326308397 -21
1299 557.6353666766786 4150.865666676678 -16.33333233213945
1300 557.6120333433122 4150.842333343312 -18.66666566878542
1301 566.8719666666665 4138.780666666667 -16.3333333333525
1302 566.8486333333332 4138.757333333333 -18.66666666668221
1303 565.9909218551146 4139.965033217349 -15.21696616955025
1304 558.4511618575143 4149.613210009837 -19.76494304915143
1305 565.8507801404497 4140.048953036093 -19.55221340235997
1306 563.0811459854262 4143.650631760677 -18.56694213194735
1307 558.5790954903666 4149.534715656048 -15.45636665298094
1308 561.2929831742863 4145.965638280334 -16.55743761659045
1309 561.4535701659206 4145.707310123009 -18.96023853169217
1310 562.890451541595 4143.946843571923 -16.17853308430639
1311 565.7696194697652 4140.20602113756 -17.37736528858384
1312 564.755338806332 4141.568337594636 -16.14210020962446
1313 558.6455222394727 4149.387042390845 -17.61382114300519
1314 559.6500822477022 4147.997338196258 -18.90866530216933
1315 559.5420930960427 4148.197834240488 -16.11270455531949
1316 564.8528445191853 4141.375809863718 -18.92028245372444
1317 562.1804855956129 4144.81630706638 -17.57001358931479
1318 566.8953 4138.804 -14
1319 647.6589 4065.174 -14
1320 566.8253 4138.734 -21
1321 647.5889 4065.104 -21
1322 568.6903009527132 4136.435401303518 -14
1323 570.4730836938774 4134.057576020223 -14
1324 572.2968986475312 4131.711748127607 -14
1325 574.168600967781 4129.403264252002 -14
1326 576.5113089109902 4127.605561355555 -14
1327 578.8549514758691 4125.833269790768 -14
1328 580.6316224705522 4123.453146776793 -14
1329 582.502315904745 4121.144868171345 -14
1330 584.474503734791 4118.921617726218 -14
1331 586.5614737392175 4116.805754763067 -14
1332 588.6486821797474 4114.69011578045 -14
1333 590.7455415811315 4112.584306358955 -14
1334 592.9358838469979 4110.576641371725 -14
1335 595.1732523893808 4108.620494293462 -14
1336 597.4050275740898 4106.657958458426 -14
1337 600.0001592686951 4105.236175856145 -14
1338 602.5929188636326 4103.8015520449 -14
1339 604.975366291104 4102.024950898161 -14
1340 607.3452184058167 4100.231903223505 -14
1341 609.6474799456449 4098.35429522231 -14
1342 611.6849997161947 4096.190760946079 -14
1343 613.7273434854266 4094.031829436289 -14
1344 615.7929363628552 4091.89508110214 -14
1345 617.9778724585615 4089.883230183622 -14
1346 620.2107615198396 4087.922018652131 -14
1347 622.4654204846356 4085.98581609783 -14
1348 624.744975325824 4084.080306785626 -14
1349 627.1047909955533 4082.273752777489 -14
1350 629.370325973602 4080.351335944576 -14
1351 631.6188049086144 4078.407960052947 -14
1352 633.8686355096887 4076.466149133758 -14
1353 636.1616221097629 4074.577950403682 -14
1354 638.5392612581174 4072.794919428266 -14
1355 640.8539563690522 4070.932093803003 -14
1356 643.1416018689641 4069.034978770635 -14
1357 645.4292473688359 4067.1378637383 -14
1358 568.6203012370524 4136.365400924275 -21
1359 570.4030842625559 4133.987575261736 -21
1360 572.226899543095 4131.641747023054 -21
1361 574.098602161851 4129.333262779283 -21
1362 576.4413110024349 4127.535560240291 -21
1363 578.7850090019116 4125.763332253913 -21
1364 580.5616489869952 4123.383184365301 -21
1365 582.4323075672905 4121.07487757017 -21
1366 584.4044957118844 4118.851626770453 -21
1367 586.4914655812969 4116.735763032108 -21
1368 588.5786743546319 4114.620123712154 -21
1369 590.6755338506584 4112.514313710415 -21
1370 592.8658761625637 4110.506648069882 -21
1371 595.1032450901623 4108.55050071211 -21
1372 597.3350206307963 4106.587964564086 -21
1373 599.930151416171 4105.166179765847 -21
1374 602.5229122116554 4103.731557005307 -21
1375 604.9053600191874 4101.954955575156 -21
1376 607.2752126838097 4100.1619078364 -21
1377 609.5774752316727 4098.284300227827 -21
1378 611.6149953271254 4096.120765606599 -21
1379 613.6573331927968 4093.96182773159 -21
1380 615.7228904786881 4091.825044332392 -21
1381 617.9078413512541 4089.813210738542 -21
1382 620.1407539435593 4087.85202515831 -21
1383 622.3954132679958 4085.915822295165 -21
1384 624.67496814898 4084.010312279851 -21
1385 627.0347841950786 4082.203757983585 -21
1386 629.3003198525886 4080.281341235014 -21
1387 631.5487991563695 4078.337965045327 -21
1388 633.7986557885873 4076.396183561503 -21
1389 636.0916487906503 4074.507989931325 -21
1390 638.4692663457595 4072.724929372025 -21
1391 640.7839552744697 4070.862094710726 -21
1392 643.0716011392424 4068.964979375784 -21
1393 645.359247003975 4067.067864040875 -21
1394 566.8719666666665 4138.780666666667 -16.3333333333525
1395 566.8486333333332 4138.757333333333 -18.66666666668221
1396 647.6355666666667 4065.150666666666 -16.33333333333178
1397 647.6122333333333 4065.127333333333 -18.66666666666978
1398 646.5482278252501 4066.162215478331 -15.17696255065225
1399 646.21488326269 4066.383519031758 -19.47202607415556
1400 567.8624992423811 4137.40354441916 -19.56379860010551
1401 568.1481000252772 4137.122118017596 -15.49954242450974
1402 577.750440642768 4126.811679836623 -16.5422480368089
1403 573.0377946490192 4130.698347170281 -18.46005133510215
1404 596.2176551652828 4107.655254896373 -16.49193393904068
1405 601.0898704136998 4104.627317490786 -18.42626810907258
1406 639.6465191765915 4071.886337273765 -16.57306161055782
1407 614.6473793470053 4093.02560006331 -16.67664026076464
1408 610.5648626825398 4097.287770829154 -18.48162625468611
1409 589.6134136679077 4113.661344769333 -16.52771473647361
1410 619.0173905509835 4088.882314055733 -18.44522553149353
1411 632.9482539293743 4077.213694725068 -16.51347962219085
1412 585.4300241238979 4117.901424116522 -16.54229049298679
1413 581.4527642566745 4122.35717975556 -16.54000863757138
1414 623.5843103869061 4084.977146156728 -16.57248391482019
1415 628.4615851771318 4081.091496688837 -16.42829041493614
1416 606.1711562854273 4101.083687791857 -16.54641643358064
1417 644.5226361940274 4067.800162988718 -18.89489868895203
1418 579.6056669083719 4124.65017472502 -18.44157585695837
1419 571.1332850852104 4133.117373632206 -16.55570891452035
1420 593.8683853611468 4109.680276227153 -18.46384726123003
1421 630.6897326188428 4079.12639785069 -18.5359976487313
1422 583.3760429478745 4120.065090472855 -18.45746990648874
1423 587.560977116297 4115.703502373037 -18.42657478439521
1424 626.1626154917715 4082.91533067378 -18.51437040520226
1425 635.1112286328278 4075.31047712692 -18.46773055372685
1426 569.3453235911531 4135.453123953087 -18.65455326320198
1427 641.4892589526786 4070.360732477892 -16.43335507318319
1428 621.3144514967837 4086.926389768029 -16.57312813000941
1429 598.7177075331017 4105.807432177402 -18.49066101999832
1430 608.3034716302367 4099.413892840937 -16.5190284815291
1431 612.8089304209581 4094.945007566778 -16.53709032312149
1432 616.8261365665541 4090.853999974099 -16.41146702203347
1433 575.0492370883285 4128.567228231774 -16.32128203106916
1434 603.7627579972268 4102.884574445156 -16.55871021388744
1435 637.1633693414333 4073.747481715453 -18.52951305433803
1436 591.8753642966878 4111.42319569405 -18.4429860101695
1437 646.3488478014774 4066.29930905351 -17.49841003039006
1438 568.0172863018358 4137.245959252547 -17.57970930229821
1439 644.7856018291072 4067.633075012446 -16.10769016408314
1440 569.3371341270662 4135.524347646217 -16.0707180285428
1441 575.5564861456999 4128.161228350855 -18.8679864801068
1442 641.971593781696 4069.918228633645 -18.7571982769163
1443 637.0181503567321 4073.900778713862 -15.99135047345292
1444 577.6422592739435 4126.853270130761 -19.00506667635143
1445 598.6434296511954 4105.881963889235 -15.9838434531179
1446 579.3542982307532 4125.050080012839 -15.98178624072801
1447 591.6579917741476 4111.677938222678 -15.98126680700679
1448 573.2109604799919 4130.539839557792 -15.99433670653535
1449 601.3989286170563 4104.510260606294 -15.96811232744978
1450 616.4422544456482 4091.145181393482 -18.9364461701989
1451 603.730644005818 4102.865393606241 -19.02924297764637
1452 596.2374605474228 4107.59007469162 -19.0334429216144
1453 622.4471049306262 4085.915550031797 -18.62646253707639
1454 608.2035703030245 4099.449971002844 -18.98054070751174
1455 571.3531555334712 4132.768178228464 -18.95261887513508
1456 635.1113134991963 4075.355604805907 -16.03955713230805
1457 612.7025284798763 4095.006462836825 -19.036175497856
1458 581.5330220259671 4122.199278587193 -19.03027716139286
1459 590.0577209820709 4113.160480497379 -19.03587768565772
1460 619.0405219745223 4088.908622188046 -15.96335619626308
1461 593.9376389406466 4109.666730959046 -15.96232548697991
1462 614.5127757567257 4093.115080828555 -19.12268350872338
1463 639.3677142297473 4072.072923616551 -19.01242815368039
1464 625.9081312304276 4083.155147530958 -15.96577238566119
1465 632.6918992835095 4077.388129180037 -19.02807070392225
1466 605.8562623828494 4101.277748250306 -18.95494233797614
1467 628.1411199208875 4081.319919772972 -19.03287468270057
1468 610.646043130949 4097.253507735897 -15.96261670132637
1469 583.467641007309 4120.0148194737 -15.96663183857658
1470 630.476469108889 4079.358584572853 -15.96874652781081
1471 587.5853028413235 4115.728425897109 -15.96431452269224
1472 585.4649241686823 4117.815868625769 -19.03432117239517
1473 620.783219757199 4087.340931032165 -18.8142681250534
1474 624.2024998996221 4084.408732614401 -18.92003240913635
1475 643.2098843704065 4068.922917971408 -17.03041529271484
1476 647.6589 4065.174 -14
1477 654.9621 4058.345 -14
1478 647.5889 4065.104 -21
1479 654.8921 4058.275 -21
1480 649.4970598221962 4063.479911828712 -14
1481 651.3554255893685 4061.808502773297 -14
1482 653.1587627947285 4060.076751386606 -14
1483 649.4270598221912 4063.409911828716 -21
1484 651.2854255893808 4061.738502773285 -21
1485 653.0887627947219 4060.006751386612 -21
1486 647.6122333333333 4065.127333333333 -18.66666666666977
1487 647.6355666666667 4065.150666666666 -16.33333333333178
1488 654.9387666666667 4058.321666666667 -16.33333333333489
1489 654.9154333333333 4058.298333333333 -18.66666666666512
1490 653.892866640673 4059.257775120113 -19.8161206751122
1491 648.7897247885046 4064.079567299112 -15.44281944748178
1492 653.7879373851022 4059.444760684428 -15.41774034861786
1493 650.2252985948976 4062.809205567929 -16.15458703736763
1494 648.7539929302978 4064.033660761268 -19.53965622803786
1495 652.3853321041812 4060.723689951395 -18.8864768986928
1496 653.7362795967143 4059.450241010755 -17.66876088852332
1497 652.4455581397361 4060.724123955164 -15.91401459693196
1498 650.0439169799215 4062.912706487796 -19.02406073151796
1499 648.8156222801133 4064.015276988866 -17.49468365459743
1500 654.9621 4058.345 -14
1501 727.0381 3976.931 -14
1502 654.8921 4058.275 -21
1503 726.9681 3976.861 -21
1504 657.0576316005298 4056.283760690994 -14
1505 659.15316320107 4054.222521381979 -14
1506 661.2441253542586 4052.156972064967 -14
1507 663.1792422556529 4049.944443474765 -14
1508 665.1143591569976 4047.73191488462 -14
1509 667.0494760583834 4045.519386294427 -14
1510 668.9845929597506 4043.306857704256 -14
1511 670.9197098611111 4041.094329114092 -14
1512 672.8548267624379 4038.881800523968 -14
1513 674.7899436637389 4036.669271933872 -14
1514 676.7250605650291 4034.456743343789 -14
1515 678.660177466371 4032.244214753647 -14
1516 680.5952943676688 4030.031686163556 -14
1517 682.5304112689779 4027.819157573451 -14
1518 684.4655281703084 4025.606628983322 -14
1519 686.4006450716723 4023.394100393154 -14
1520 688.3357619730226 4021.181571803002 -14
1521 690.2708788744026 4018.969043212817 -14
1522 692.2059957757508 4016.756514622668 -14
1523 694.1411126771302 4014.543986032482 -14
1524 696.0762295785119 4012.331457442295 -14
1525 698.0113464798578 4010.118928852148 -14
1526 699.9464633812436 4007.906400261956 -14
1527 701.8815802825947 4005.693871671803 -14
1528 703.816697183952 4003.481343081643 -14
1529 705.7518140852801 4001.268814491517 -14
1530 707.6869309865916 3999.056285901409 -14
1531 709.6220478878894 3996.843757311318 -14
1532 711.5571647892311 3994.631228721176 -14
1533 713.492281690529 3992.418700131084 -14
1534 715.4273985918393 3990.206171540978 -14
1535 717.3625154931685 3987.99364295085 -14
1536 719.2976323945313 3985.781114360684 -14
1537 721.2327492958962 3983.568585770516 -14
1538 723.167866197282 3981.356057180324 -14
1539 725.1029830986279 3979.143528590177 -14
1540 656.9876482543124 4056.213777411649 -21
1541 659.0831965086472 4054.152554823275 -21
1542 661.1741786638221 4052.087025353149 -21
1543 663.109293997276 4049.874495195661 -21
1544 665.0444093306839 4047.661965038226 -21
1545 666.9795246640618 4045.449434880825 -21
1546 668.9146399974663 4043.236904723394 -21
1547 670.8497553309014 4041.024374565928 -21
1548 672.7848706643354 4038.811844408463 -21
1549 674.7199859977829 4036.599314250982 -21
1550 676.6551013311951 4034.386784093542 -21
1551 678.5902166646405 4032.174253936064 -21
1552 680.525331998046 4029.961723778632 -21
1553 682.46044733141 4027.749193621247 -21
1554 684.3955626648133 4025.536663463817 -21
1555 686.3306779982677 4023.324133306328 -21
1556 688.2657933316988 4021.111603148867 -21
1557 690.2009086651445 4018.899072991388 -21
1558 692.1360239985463 4016.68654283396 -21
1559 694.0711393319141 4014.474012676571 -21
1560 696.00625466528 4012.261482519184 -21
1561 697.9413699986836 4010.048952361753 -21
1562 699.8764853321168 4007.83642220429 -21
1563 701.8116006655413 4005.623892046835 -21
1564 703.7467159990003 4003.411361889342 -21
1565 705.6818313324181 4001.198831731895 -21
1566 707.6169466657827 3998.98630157451 -21
1567 709.5520619991877 3996.773771417078 -21
1568 711.487177332636 3994.561241259596 -21
1569 713.4222926660452 3992.34871110216 -21
1570 715.3574079994934 3990.136180944678 -21
1571 717.292523332929 3987.923650787211 -21
1572 719.2276386663629 3985.711120629747 -21
1573 721.1627539997639 3983.498590472319 -21
1574 723.0978693331448 3981.286060314915 -21
1575 725.0329846665545 3979.073530157478 -21
1576 654.9387666666667 4058.321666666667 -16.33333333333489
1577 654.9154333333333 4058.298333333333 -18.66666666666512
1578 727.0147666666667 3976.907666666667 -16.33333333333282
1579 726.9914333333334 3976.884333333333 -18.66666666666719
1580 656.2556575313813 4056.958726530082 -19.74199102860459
1581 725.7713843014895 3978.352429325996 -15.25403161490397
1582 725.4784859072117 3978.596657774592 -19.48385114539379
1583 656.5978051940571 4056.706555927127 -15.4874884331618
1584 722.8352377850064 3981.639228746177 -18.53220482265996
1585 659.7701312241035 4053.564983938559 -16.55418814389689
1586 663.8755338227691 4049.094847217177 -16.4954658797814
1587 667.823568977263 4044.580852237409 -16.49467805258809
1588 671.7416978781835 4040.101046020282 -16.49411176380284
1589 675.6456190563711 4035.637477069763 -16.49388262295163
1590 679.542063327746 4031.182459626491 -16.49352579250851
1591 683.4343052801584 4026.732244885232 -16.49326446226876
1592 687.3242316172917 4022.284677706834 -16.49300364724008
1593 691.2128938662096 4017.838550529127 -16.4929902410294
1594 695.0931196801816 4013.401548060303 -16.51729123541429
1595 698.9750027776365 4008.963165270285 -16.51758573693972
1596 702.8582492673978 4004.523222415407 -16.51793722066493
1597 706.7439818610227 4000.080437297245 -16.51827751363563
1598 710.634114468476 3995.632624869663 -16.51845566717677
1599 714.532558515255 3991.175308525582 -16.51867944451029
1600 718.450842936283 3986.695296635885 -16.51941287585205
1601 685.3610670675662 4024.486110961129 -18.506844898324
1602 681.4701760542019 4028.934792147548 -18.50659067401674
1603 677.5761442791734 4033.387064962324 -18.50630761979395
1604 673.6765221909889 4037.845731879762 -18.50591345564584
1605 669.7667342388512 4042.316022493922 -18.50549645107334
1606 665.8366054602011 4046.809574177747 -18.50488104843155
1607 661.8576663919675 4051.35897881029 -18.50214820691039
1608 689.2503219164361 4020.039299460347 -18.50714735359024
1609 693.1386888552692 4015.593506460049 -18.50729571762861
1610 697.0164942395782 4011.160322549097 -18.4825547663634
1611 700.8989564472015 4006.721290815925 -18.48223405284697
1612 704.7832816893658 4002.280127921993 -18.48196223499915
1613 708.670895651107 3997.835204067864 -18.48172686086716
1614 712.5645119444788 3993.383416577042 -18.4815302804443
1615 716.4701456922361 3988.917888711622 -18.48134020275786
1616 720.4182245769827 3984.405049353458 -18.42430317734363
1617 724.4725396165884 3979.758715203084 -18.92848814550812
1618 657.8006143830808 4055.511548815441 -16.08645297293016
1619 725.6726192492309 3978.417173012998 -17.50190692262215
1620 656.3057809385965 4056.956941438994 -17.34568855495036
1621 657.8593109536471 4055.395306346711 -19.03599247081927
1622 724.3774743112381 3979.933373236694 -15.85086236872499
1623 720.2436985150388 3984.656052490936 -16.0235070617652
1624 659.8741333478922 4053.41531244651 -18.94229366325089
1625 662.1903421749771 4051.032042000275 -16.0093186090452
1626 722.3088164341739 3982.294046095909 -16.06271142472551
1627 718.2813411478321 3986.835980184404 -18.99764879932311
1628 716.3737436668313 3989.081353649824 -15.99724344119398
1629 714.4110039764505 3991.260947348765 -19.00737019409863
1630 712.5035852006779 3993.506476720658 -15.99015049790479
1631 710.540720376593 3995.685961367618 -19.01204886010615
1632 708.6333879049075 3997.93156583045 -15.98671336906015
1633 706.6704604278397 4000.110996072019 -19.01450004375589
1634 704.7631742132694 4002.356640600094 -15.98481991577598
1635 702.8002117617542 4004.536040644462 -19.01588841549019
1636 700.8929518284906 4006.781707766707 -15.98374491656732
1637 698.9299695107511 4008.961090827724 -19.01667229919668
1638 697.0227245969566 4011.206770694338 -15.98312623676894
1639 695.0597312816714 4013.386144528488 -19.01707703557583
1640 693.1524937765671 4015.631830483112 -15.98284544751871
1641 691.1894961088011 4017.81120090216 -19.0171934519812
1642 689.2822600897061 4020.056887764787 -15.98283453859821
1643 687.3192637081939 4022.236259700722 -19.01704808080093
1644 685.4120236257648 4024.481942617565 -15.98308509289828
1645 683.4490343580579 4026.661321167294 -19.01661439839057
1646 681.5417837487378 4028.906994485086 -15.98365699508276
1647 679.5788090920329 4031.086386205687 -19.01579445075531
1648 677.6715388789968 4033.332041985803 -15.98469896636495
1649 675.7085901535872 4035.511456778459 -19.01437575119944
1650 673.8012856059347 4037.757082136803 -15.98653211304899
1651 671.8383827799162 4039.936537466001 -19.01186244522419
1652 669.9310161854444 4042.182108165066 -15.98988553893105
1653 667.9681995925939 4044.361639307287 -19.0070594698222
1654 666.0607110694517 4046.607102973574 -15.9965996954759
1655 664.0980872599562 4048.7868031191 -18.99557101531081
