557799 4.15103e+06 0
569536 4141553 0
557729 4150959 -7000
567713 4.13973e+06 -7000
559746 4.14944e+06 0
561693 4.14785e+06 0
563652 4.14627e+06 0
565623 4.14471e+06 0
567582 4.14313e+06 0
559378 4.14908e+06 -7000
560996 4.14716e+06 -7000
562670 4.1453e+06 -7000
564405 4.14349e+06 -7000
566070 4.14162e+06 -7000
557752 4.15098e+06 -4666.67
557775 4.15101e+06 -2333.33
568170 4.14019e+06 -4579.01
568730 4.14075e+06 -2230.05
558678 4.14998e+06 -5812.41
559071 4.14982e+06 -1646.83
560669 4.14811e+06 -2479.58
567546 4.14261e+06 -1068.93
566492 4.14156e+06 -5818.08
563675 4.14482e+06 -4293.74
565672 4.14357e+06 -2378.69
566909 4.14186e+06 -3362.04
561604 4.14676e+06 -4781.35
562210 4.14636e+06 -3000.94
558881 4.14983e+06 -3790.35
560014 4.14848e+06 -5152.02
565405 4.14309e+06 -4616.27
563662 4.14552e+06 -1922.53
562214 4.14687e+06 -1615.12
569536 4141553 0
649152 4067019 0
567713 4.13973e+06 -7000
648241 4066108 -7000
571860 4.13973e+06 0
574216 4.13794e+06 0
576710 4.13636e+06 0
579076 4.13459e+06 0
581152 4.13249e+06 0
583233 4.13039e+06 0
585322 4.1283e+06 0
587433 4.12623e+06 0
589865 4.12455e+06 0
592317 4.1229e+06 0
594917 4.12152e+06 0
597708 4.12055e+06 0
600443 4.11943e+06 0
603156 4.11826e+06 0
605912 4.11719e+06 0
608686 4.11618e+06 0
611460 4.11516e+06 0
614219 4.1141e+06 0
616781 4.11265e+06 0
618929 4.11064e+06 0
620753 4.10832e+06 0
622373 4.10585e+06 0
623879 4.10331e+06 0
625333 4.10073e+06 0
626767 4.09815e+06 0
628218 4.09557e+06 0
629701 4.09302e+06 0
631248 4.0905e+06 0
632893 4.08805e+06 0
634573 4.08561e+06 0
636334 4.08324e+06 0
638176 4.08093e+06 0
640081 4.07867e+06 0
641971 4.0764e+06 0
643860 4.07413e+06 0
645742 4.07185e+06 0
647461 4.06944e+06 0
569621 4.13751e+06 -7000
571427 4.13522e+06 -7000
573540 4.1332e+06 -7000
575605 4.13113e+06 -7000
577780 4.12918e+06 -7000
580023 4.12731e+06 -7000
582007 4.12517e+06 -7000
584161 4.12319e+06 -7000
586352 4.12126e+06 -7000
588816 4.11969e+06 -7000
591139 4.11792e+06 -7000
593586 4.11632e+06 -7000
596065 4.11477e+06 -7000
598805 4.11378e+06 -7000
601405 4.11246e+06 -7000
604015 4.11115e+06 -7000
606699 4.10999e+06 -7000
609319 4.1087e+06 -7000
611837 4.10722e+06 -7000
614545 4.10614e+06 -7000
616544 4.10402e+06 -7000
618280 4.10167e+06 -7000
619642 4.09911e+06 -7000
620974 4.09654e+06 -7000
622733 4.0942e+06 -7000
624532 4.0919e+06 -7000
626367 4.08962e+06 -7000
628246 4.08739e+06 -7000
630186 4.0852e+06 -7000
632113 4.083e+06 -7000
634075 4.08083e+06 -7000
635869 4.07853e+06 -7000
637918 4.07645e+06 -7000
640047 4.07445e+06 -7000
642145 4.07241e+06 -7000
644221 4.07035e+06 -7000
646251 4.06825e+06 -7000
568730 4.14075e+06 -2230.05
568170 4.14019e+06 -4579.01
648552 4.06642e+06 -4667.88
648818 4.06669e+06 -2326.28
570447 4.13986e+06 -1325.64
647303 4.06755e+06 -5808.76
647535 4.06866e+06 -1612.04
569502 4.13835e+06 -5531.62
572766 4.1352e+06 -4472.71
611653 4.10978e+06 -5608.4
617119 4.11077e+06 -2220.16
606083 4.11237e+06 -5528.41
598021 4.11588e+06 -5276.43
622012 4.0988e+06 -5336.14
618996 4.1042e+06 -5528.3
626585 4.09624e+06 -2315.79
577476 4.13094e+06 -4753.52
593076 4.11862e+06 -5086.8
604199 4.11646e+06 -2064
581811 4.12698e+06 -4717.74
587599 4.124e+06 -2329.05
629666 4.09118e+06 -2329
632941 4.08625e+06 -2365.04
637895 4.07811e+06 -4781.69
609691 4.11418e+06 -2285.09
641761 4.07411e+06 -4655.16
634465 4.08241e+06 -4820.66
580509 4.13057e+06 -1892.27
622141 4.10417e+06 -2205.38
576618 4.13429e+06 -1929.86
595701 4.11976e+06 -2113.85
640431 4.07683e+06 -2395.96
626866 4.09175e+06 -5304.77
588872 4.12135e+06 -4982.26
630559 4.08726e+06 -4941.59
644187 4.07247e+06 -2430.4
636655 4.08131e+06 -2293.65
582728 4.12822e+06 -2156.17
620698 4.10151e+06 -5527.15
622862 4.10084e+06 -3480.16
617086 4.10654e+06 -5629.31
614080 4.10853e+06 -5585.86
619495 4.1065e+06 -3856.94
613834 4.11082e+06 -3931.95
590245 4.12232e+06 -2418.27
592864 4.12071e+06 -2409.8
606962 4.11533e+06 -2157.88
600728 4.11491e+06 -5450.88
599827 4.1166e+06 -3698.79
585076 4.12611e+06 -2191.78
624270 4.09826e+06 -3563.31
585281 4.12427e+06 -4238.82
608848 4.11116e+06 -5581.32
603385 4.11359e+06 -5493.74
579533 4.1292e+06 -4590.34
628183 4.09367e+06 -2264.81
631298 4.08863e+06 -2405.89
575194 4.13325e+06 -4490.17
590822 4.12013e+06 -4937.51
632424 4.08488e+06 -4882.37
625049 4.09412e+06 -5418.28
628715 4.08962e+06 -4999.06
646298 4.07002e+06 -2229.71
619085 4.10882e+06 -2155.09
634715 4.08389e+06 -2294.77
578709 4.13254e+06 -1861.91
569852 4.13884e+06 -3351.73
571910 4.13799e+06 -1887.19
574202 4.13597e+06 -1987.31
616553 4.109e+06 -4348.67
636143 4.08023e+06 -4786.76
638492 4.07918e+06 -2245.36
623495 4.0964e+06 -5416.38
647375 4.06813e+06 -3528.13
645908 4.06936e+06 -5198.25
570682 4.13728e+06 -4908.64
639676 4.07618e+06 -4887
595609 4.11707e+06 -5285.59
598490 4.11878e+06 -1992.68
614924 4.11238e+06 -2014.39
612001 4.11312e+06 -2442.22
642337 4.07479e+06 -2168.82
607996 4.11324e+06 -4063.5
644282 4.07131e+06 -4882.22
583426 4.12532e+06 -4997.02
605250 4.11445e+06 -3937.2
620854 4.10663e+06 -1821.69
601734 4.11756e+06 -1907.48
610896 4.11185e+06 -4255.18
602676 4.11559e+06 -3870.03
597221 4.11767e+06 -3636.92
625285 4.09932e+06 -1750.77
620928 4.10367e+06 -4275.02
624041 4.10163e+06 -1649.59
625234 4.09602e+06 -4066
595046 4.1186e+06 -3789.09
578613 4.13075e+06 -3175.52
576865 4.13246e+06 -3224.73
626638 4.09393e+06 -4004.66
628027 4.0922e+06 -3646.18
586569 4.1225e+06 -5302.45
583222 4.12649e+06 -3182.42
649152 4067019 0
655102 4058485 0
648241 4066108 -7000
655032 4058415 -7000
650639 4.06489e+06 0
652127 4.06275e+06 0
653614 4.06062e+06 0
649969 4.06421e+06 -7000
651705 4.06231e+06 -7000
653412 4.06039e+06 -7000
648552 4.06642e+06 -4667.88
648818 4.06669e+06 -2326.28
655079 4.05846e+06 -2333.33
655055 4.05844e+06 -4666.67
649830 4.06572e+06 -1120.59
654412 4.05931e+06 -5151.97
654026 4.05994e+06 -1437.61
649595 4.06498e+06 -5487.04
652824 4.06125e+06 -4906.74
649873 4.06504e+06 -3421.06
650858 4.06416e+06 -1760.63
651067 4.06341e+06 -4592.12
652635 4.06172e+06 -2260.08
653815 4.06011e+06 -3227.65
557729 4150959 -7000
567713 4.13973e+06 -7000
557659 4150889 -14000
566895 4138804 -14000
559378 4.14908e+06 -7000
560996 4.14716e+06 -7000
562670 4.1453e+06 -7000
564405 4.14349e+06 -7000
566070 4.14162e+06 -7000
559110 4.14881e+06 -14000
560672 4.14681e+06 -14000
562241 4.14482e+06 -14000
563810 4.14283e+06 -14000
565360 4.14082e+06 -14000
557705 4.15094e+06 -9333.33
557682 4.15091e+06 -11666.7
567357 4.13937e+06 -9319.99
567117 4.13913e+06 -11669.8
566247 4.1401e+06 -12845.7
558649 4.14993e+06 -8217.82
566478 4.14069e+06 -8451.45
563521 4.14397e+06 -9491.64
558736 4.14971e+06 -12552.5
561560 4.1461e+06 -11600.2
565030 4.14176e+06 -11974.3
559903 4.1483e+06 -9090.44
566278 4.14039e+06 -10680
558727 4.14977e+06 -10376
559826 4.14826e+06 -11980.5
565276 4.14198e+06 -9068.92
563166 4.1441e+06 -11925.4
561821 4.14598e+06 -9058.06
562487 4.14505e+06 -10503.7
567713 4.13973e+06 -7000
648241 4066108 -7000
566895 4138804 -14000
647659 4065174 -14000
569621 4.13751e+06 -7000
571427 4.13522e+06 -7000
573540 4.1332e+06 -7000
575605 4.13113e+06 -7000
577780 4.12918e+06 -7000
580023 4.12731e+06 -7000
582007 4.12517e+06 -7000
584161 4.12319e+06 -7000
586352 4.12126e+06 -7000
588816 4.11969e+06 -7000
591139 4.11792e+06 -7000
593586 4.11632e+06 -7000
596065 4.11477e+06 -7000
598805 4.11378e+06 -7000
601405 4.11246e+06 -7000
604015 4.11115e+06 -7000
606699 4.10999e+06 -7000
609319 4.1087e+06 -7000
611837 4.10722e+06 -7000
614545 4.10614e+06 -7000
616544 4.10402e+06 -7000
618280 4.10167e+06 -7000
619642 4.09911e+06 -7000
620974 4.09654e+06 -7000
622733 4.0942e+06 -7000
624532 4.0919e+06 -7000
626367 4.08962e+06 -7000
628246 4.08739e+06 -7000
630186 4.0852e+06 -7000
632113 4.083e+06 -7000
634075 4.08083e+06 -7000
635869 4.07853e+06 -7000
637918 4.07645e+06 -7000
640047 4.07445e+06 -7000
642145 4.07241e+06 -7000
644221 4.07035e+06 -7000
646251 4.06825e+06 -7000
568690 4.13644e+06 -14000
570473 4.13406e+06 -14000
572297 4.13171e+06 -14000
574169 4.1294e+06 -14000
576511 4.12761e+06 -14000
578855 4.12583e+06 -14000
580632 4.12345e+06 -14000
582502 4.12114e+06 -14000
584475 4.11892e+06 -14000
586561 4.11681e+06 -14000
588649 4.11469e+06 -14000
590746 4.11258e+06 -14000
592936 4.11058e+06 -14000
595173 4.10862e+06 -14000
597405 4.10666e+06 -14000
600000 4.10524e+06 -14000
602593 4.1038e+06 -14000
604975 4.10202e+06 -14000
607345 4.10023e+06 -14000
609647 4.09835e+06 -14000
611685 4.09619e+06 -14000
613727 4.09403e+06 -14000
615793 4.0919e+06 -14000
617978 4.08988e+06 -14000
620211 4.08792e+06 -14000
622465 4.08599e+06 -14000
624745 4.08408e+06 -14000
627105 4.08227e+06 -14000
629370 4.08035e+06 -14000
631619 4.07841e+06 -14000
633869 4.07647e+06 -14000
636162 4.07458e+06 -14000
638539 4.07279e+06 -14000
640854 4.07093e+06 -14000
643142 4.06903e+06 -14000
645429 4.06714e+06 -14000
567357 4.13937e+06 -9319.99
567117 4.13913e+06 -11669.8
647930 4.0658e+06 -9332.4
647722 4.06559e+06 -11687.5
646922 4.06711e+06 -8221.94
646157 4.0669e+06 -12689.8
568303 4.13743e+06 -12725.3
568921 4.13776e+06 -8432.78
612401 4.10498e+06 -8122.57
615914 4.10147e+06 -8143.65
606731 4.10732e+06 -8495
571702 4.1339e+06 -9409
643075 4.06972e+06 -11585.6
618528 4.09661e+06 -8333.11
601705 4.10994e+06 -8378.13
622183 4.0917e+06 -8513.53
596904 4.11244e+06 -8608.59
607039 4.10232e+06 -11856.1
625966 4.08734e+06 -8652.03
611637 4.09845e+06 -11938.5
591534 4.11562e+06 -8858.73
629946 4.08313e+06 -8854.31
617696 4.09184e+06 -11797.3
602121 4.10563e+06 -11845.5
586770 4.11933e+06 -9115.94
634090 4.07863e+06 -9170.61
597235 4.10857e+06 -11778.1
638404 4.07453e+06 -9292.12
622183 4.08767e+06 -11784.2
576014 4.1294e+06 -9320.69
582361 4.12339e+06 -9291.94
626656 4.08375e+06 -11802.4
592621 4.11238e+06 -11528.4
588170 4.11644e+06 -11564.4
631048 4.08002e+06 -11570.2
635566 4.07592e+06 -11507
583864 4.12066e+06 -11495.4
578064 4.12722e+06 -11532.8
573476 4.13114e+06 -11509.6
593936 4.11378e+06 -8879.59
620312 4.09409e+06 -8395.71
617910 4.0942e+06 -9798.97
615907 4.0972e+06 -9798
609460 4.10052e+06 -11936.1
611599 4.10107e+06 -10314
609366 4.1029e+06 -10197.6
604609 4.10407e+06 -11848.2
604378 4.1063e+06 -10017.7
606883 4.10468e+06 -10029.9
609419 4.10552e+06 -8550.9
646330 4.06709e+06 -10500.5
645112 4.06864e+06 -8937.43
604214 4.1087e+06 -8432.66
579929 4.12527e+06 -11483.5
613643 4.09634e+06 -11865.9
628922 4.08184e+06 -11758.2
624092 4.08949e+06 -8570.46
640264 4.07216e+06 -11450.7
627936 4.08514e+06 -8827.19
594925 4.11044e+06 -11733.6
590363 4.11433e+06 -11631.5
617415 4.09924e+06 -8247.92
619931 4.08972e+06 -11807
644990 4.06799e+06 -12033.1
624365 4.08566e+06 -11815.7
569844 4.13637e+06 -8988.42
589180 4.11741e+06 -8965.34
631928 4.08101e+06 -8968.87
586097 4.11837e+06 -11675.7
568540 4.13755e+06 -10571.2
599363 4.11124e+06 -8446.2
599405 4.10903e+06 -9902.09
633081 4.0781e+06 -11706.2
619911 4.09178e+06 -9958.52
615577 4.09407e+06 -11844
584519 4.12139e+06 -8920.39
599573 4.10697e+06 -11758.3
636083 4.07669e+06 -9002.64
613544 4.09918e+06 -10196.7
569681 4.13572e+06 -12020.2
581989 4.12264e+06 -11810.2
637680 4.07413e+06 -11813.2
575601 4.12886e+06 -11843.5
573994 4.13159e+06 -9018.01
640516 4.07283e+06 -9030.94
578602 4.1276e+06 -8985.61
580438 4.12571e+06 -8964.37
642660 4.07085e+06 -9095.05
601847 4.10766e+06 -9941.09
597150 4.11052e+06 -10000
571455 4.13345e+06 -11899.1
621964 4.08957e+06 -10047.7
624037 4.08745e+06 -10109
614241 4.10341e+06 -8166.67
592087 4.11402e+06 -10036.4
611677 4.10307e+06 -9293.94
595070 4.11186e+06 -9975.12
626108 4.08543e+06 -10160.9
613693 4.10132e+06 -9178.9
615447 4.09957e+06 -9023.21
628318 4.0834e+06 -10243.6
589812 4.11583e+06 -10209.6
630324 4.08149e+06 -10269.9
648241 4066108 -7000
655032 4058415 -7000
647659 4065174 -14000
654962 4058345 -14000
649969 4.06421e+06 -7000
651705 4.06231e+06 -7000
653412 4.06039e+06 -7000
649497 4.06348e+06 -14000
651355 4.06181e+06 -14000
653159 4.06008e+06 -14000
647930 4.0658e+06 -9332.4
647722 4.06559e+06 -11687.5
654985 4.05837e+06 -11666.7
655009 4.05839e+06 -9333.33
654222 4.05943e+06 -8206.23
648782 4.06455e+06 -11922.7
653895 4.05966e+06 -12475.6
650622 4.06286e+06 -11854.1
649307 4.06458e+06 -8423.68
650783 4.06295e+06 -9326.48
654001 4.0596e+06 -10255.5
652375 4.06118e+06 -11673.8
652787 4.06092e+06 -8938.03
649558 4.06404e+06 -10083.2
