1 557.7988 4151.029 0
2 569.5361 4141.553 0
3 557.7287 4150.959 -7
4 567.7134 4139.73 -7
5 559.745728699554 4149.438159490087 0
6 561.6926613607968 4147.847323838982 0
7 563.6521250463218 4146.272014885375 0
8 565.6232607626653 4144.711268656024 0
9 567.5819225947597 4143.134927297475 0
10 559.3778327206724 4149.076376208177 -7
11 560.9962672053831 4147.16398627638 -7
12 562.6701472122138 4145.300444478957 -7
13 564.405016089549 4143.492982234457 -7
14 566.0698056456667 4141.620860851284 -7
15 557.7520333366882 4150.982333336688 -4.666666331171395
16 557.7753666733755 4151.005666673375 -2.333332662445121
17 568.1699848457515 4140.186569044628 -4.579005619837986
18 568.7295865328525 4140.746140523305 -2.230047736997188
19 558.6778332532433 4149.980685238531 -5.812408259435408
20 559.0707173575167 4149.82436430108 -1.646830171038747
21 560.6686347919569 4148.108536581806 -2.479581129847865
22 567.5464402462371 4142.61160609967 -1.068927651452125
23 566.4921289038377 4141.556648911885 -5.818079036353464
24 563.6752435744897 4144.818453365614 -4.293744439566076
25 565.6718785601105 4143.567023437526 -2.378694695184271
26 566.9087152384523 4141.864638349677 -3.36203860028744
27 561.6037043300956 4146.756816486915 -4.781346676371352
28 562.2095318305625 4146.356206641372 -3.000939024988409
29 558.8807201598421 4149.830507419096 -3.790352564298682
30 560.0135387550569 4148.484006108089 -5.152018141599056
31 565.4053251783973 4143.089673671626 -4.616274438590115
32 563.662144199246 4145.521954744173 -1.922529297736988
33 562.2138499321034 4146.871584651225 -1.615122737741498
34 569.5361 4141.553 0
35 649.1515000000001 4067.019 0
36 567.7134 4139.73 -7
37 648.2406 4066.108 -7
38 571.8598797563048 4139.726909232413 0
39 574.2158319036683 4137.943487852775 0
40 576.7104672193489 4136.358731670744 0
41 579.0760477741416 4134.592613972284 0
42 581.1515621019764 4132.488686404246 0
43 583.2326194272649 4130.39013840323 0
44 585.3220649576534 4128.299888382038 0
45 587.4333745110611 4126.232036342523 0
46 589.8651662058684 4124.553196059223 0
47 592.3174442840832 4122.903572039693 0
48 594.9168778194103 4121.523992947819 0
49 597.7078835882198 4120.551806597729 0
50 600.4426474466406 4119.433641726033 0
51 603.1564394788907 4118.263094111916 0
52 605.9115948041039 4117.194916980499 0
53 608.6861614958699 4116.176728981701 0
54 611.4596434761362 4115.15559229028 0
55 614.2190387239405 4114.097025700602 0
56 616.7805101059423 4112.652723096902 0
57 618.929006292679 4110.643875960715 0
58 620.7528932132462 4108.320426663554 0
59 622.3725831038657 4105.84837859974 0
60 623.8791301276248 4103.306376672768 0
61 625.3327604739828 4100.733113941671 0
62 626.7665633698288 4098.148711322742 0
63 628.218254787482 4095.574389378281 0
64 629.7011525788225 4093.01784038134 0
65 631.2481052431317 4090.500607705319 0
66 632.8931899037522 4088.045288026463 0
67 634.5734431717615 4085.614355579071 0
68 636.3337165173854 4083.240263898225 0
69 638.175525739964 4080.929913333108 0
70 640.0806933381386 4078.670432642642 0
71 641.9705881357063 4076.398160734239 0
72 643.8595496911222 4074.125111621149 0
73 645.7416889677185 4071.846442041358 0
74 647.4611677050426 4069.443397820989 0
75 569.6206950239476 4137.514849420043 -7
76 571.4268807035659 4135.216898689597 -7
77 573.5398405163332 4133.200160914915 -7
78 575.6047917931405 4131.131558212567 -7
79 577.7804389089064 4129.18308259303 -7
80 580.0232141033279 4127.314199336271 -7
81 582.0066924072078 4125.168870664952 -7
82 584.1606238717773 4123.193237703915 -7
83 586.3521199026645 4121.262912411771 -7
84 588.816255812023 4119.693205579626 -7
85 591.1385476929569 4117.918905925839 -7
86 593.5862467862927 4116.321144103477 -7
87 596.0653638760888 4114.77249680709 -7
88 598.8046529642291 4113.778971576897 -7
89 601.4048596845951 4112.45951407385 -7
90 604.0151794678318 4111.146827514622 -7
91 606.6994628190595 4109.989770569916 -7
92 609.3193812955467 4108.695076571594 -7
93 611.8365720137409 4107.217793608041 -7
94 614.544801862133 4106.138237784447 -7
95 616.5440965806661 4104.020506961221 -7
96 618.2795065436275 4101.668508548236 -7
97 619.6418684830589 4099.111011711419 -7
98 620.9737268528008 4096.538359598011 -7
99 622.7329878939559 4094.203999975298 -7
100 624.5319459141261 4091.900080478322 -7
101 626.3669899720521 4089.624706861802 -7
102 628.2457139011207 4087.385665229045 -7
103 630.1861112571453 4085.199468605877 -7
104 632.1132601600391 4083.001625124436 -7
105 634.0754027831828 4080.83490823386 -7
106 635.8685204958302 4078.529052295434 -7
107 637.9181277425135 4076.449001432356 -7
108 640.0465538838517 4074.445382650744 -7
109 642.1454733935166 4072.410979775721 -7
110 644.2210371942314 4070.35267353476 -7
111 646.2511852124695 4068.249604203802 -7
112 568.7295865328525 4140.746140523305 -2.230047736997191
113 568.1699848457515 4140.186569044628 -4.579005619837989
114 648.551601925442 4066.41886871367 -4.667882280832964
115 648.818109399711 4066.685774654928 -2.326276083263711
116 570.4472420414263 4139.860380271406 -1.325638740720284
117 647.3032268369262 4067.552120260986 -5.808764082623457
118 647.5354556149489 4068.660423638898 -1.612039848404105
119 569.5018489596357 4138.351807191982 -5.53161538270934
120 572.7659191947871 4135.203721486616 -4.472714062032008
121 611.6533727974791 4109.782820645318 -5.608395351895842
122 617.1188959841983 4110.769989897174 -2.220156142963587
123 606.0829149654627 4112.373399835328 -5.528409820966548
124 598.0213006003657 4115.875307434379 -5.276425775824882
125 622.012347659908 4098.797006446659 -5.336138969182956
126 618.9956370351798 4104.198262903068 -5.52829563178607
127 626.5846224562656 4096.244532629037 -2.315785920539697
128 577.4758612276908 4130.942744622701 -4.753523348003666
129 593.0758122417183 4118.616350252503 -5.086801557841791
130 604.1992663585605 4116.462577831089 -2.063999272145844
131 581.8112830455091 4126.977439136004 -4.717744257645396
132 587.5985505560841 4124.000914415948 -2.329049261007241
133 629.6658809066133 4091.175678137134 -2.329002346587211
134 632.9412481547955 4086.24782437381 -2.365043778124365
135 637.8947748703948 4078.109519622597 -4.781687353196301
136 609.6911519786657 4114.178265616209 -2.285093914042444
137 641.7607038427464 4074.114064080735 -4.655158962476034
138 634.4653849933615 4082.414581660491 -4.820664789521283
139 580.5086891675987 4130.571027720196 -1.892271578867042
140 622.1408283683962 4104.171733571446 -2.205383227296289
141 576.6178416047194 4134.288797492486 -1.929857648574778
142 595.7014663469305 4119.757359971627 -2.113852452847773
143 640.4311038743698 4076.826421988691 -2.395961447636289
144 626.8662211599918 4091.750423737136 -5.304768181855383
145 588.8717346619439 4121.353842993631 -4.982262139234447
146 630.5587411774314 4087.261526769219 -4.941586260769504
147 644.1870255534083 4072.469947499231 -2.430397440076415
148 636.6545638969237 4081.307168201459 -2.293650179424982
149 582.7278163354907 4128.219172974555 -2.156171851827011
150 620.6978166008283 4101.511508704781 -5.527151276845413
151 622.8618631921308 4100.844777127661 -3.48016194692284
152 617.0863497297718 4106.535167078102 -5.629306957486552
153 614.080064920985 4108.533652275684 -5.585856672776598
154 619.4952052937091 4106.497708467364 -3.856944528858906
155 613.8338121882122 4110.817652586529 -3.931954061818252
156 590.245158317046 4122.321393384003 -2.418269560890607
157 592.8639210019987 4120.714698526649 -2.409798516171662
158 606.9620457864106 4115.332574548157 -2.157880520548609
159 600.7276468999908 4114.912519007526 -5.450881389652879
160 599.8274200954343 4116.597208930544 -3.698791287865371
161 585.075805675118 4126.109819025351 -2.19178221852659
162 624.2695335091545 4098.264243405913 -3.563306682591945
163 585.2813198366827 4124.267032895993 -4.238823529401842
164 608.848322930117 4111.156800157701 -5.581324428207633
165 603.3853702996057 4113.594826357437 -5.493737767237582
166 579.5327645013414 4129.198389347784 -4.590336415338851
167 628.1833222640363 4093.671117065953 -2.264810337205827
168 631.2977737650937 4088.634176938788 -2.405892217731059
169 575.1936645922272 4133.254846710859 -4.490168290821194
170 590.8219031172628 4120.13031318757 -4.937513254582344
171 632.4238519384725 4084.883744853247 -4.882365039761236
172 625.0492478414963 4094.117840344407 -5.418283237916072
173 628.7152938170404 4089.624725060612 -4.999063187508995
174 646.2981721702446 4070.020037812591 -2.229712964095103
175 619.0854979776124 4108.821572235998 -2.155086122485318
176 634.7148803153477 4083.890273732759 -2.294772958204852
177 578.7088396894101 4132.542116601333 -1.861912324866134
178 569.8518684341871 4138.841663966655 -3.351734161962531
179 571.909891561364 4137.9932505577 -1.887190760087569
180 574.2018045127841 4135.968811203663 -1.987305069948254
181 616.5527933390849 4109.00018493991 -4.348669973678001
182 636.1429158500375 4080.232188988096 -4.786757337565085
183 638.4924064413685 4079.181643646388 -2.245360941137024
184 623.4948389891304 4096.400705618556 -5.416375511587556
185 647.3748496792257 4068.134039950662 -3.528129187705326
186 645.9079106939666 4069.361891436639 -5.198247381864778
187 570.6819474134346 4137.280387958451 -4.908636059947448
188 639.6761171407989 4076.184506055715 -4.887004145013625
189 595.6093130508621 4117.074397107724 -5.28559254090631
190 598.4899669334296 4118.78359134612 -1.992683376536552
191 614.9243416044416 4112.382876113448 -2.01439267203362
192 612.0014763361561 4113.119154456159 -2.44221698539632
193 642.3373640361383 4074.79105257913 -2.168821657429588
194 607.9961007973727 4113.237667305603 -4.063496707151522
195 644.2821832200012 4071.310098091201 -4.882221729372232
196 583.4260195329811 4125.318611282641 -4.997020209418936
197 605.2497253725866 4114.445281503 -3.937200234484001
198 620.8541344734112 4106.629230342317 -1.821688955132318
199 601.734283464599 4117.561235206552 -1.907484355756208
200 610.8964145978694 4111.854910296677 -4.255176260406841
201 602.6757288160478 4115.58944252965 -3.870025722219499
202 597.2211198394995 4117.674609920899 -3.636924210919174
203 625.2851530853245 4099.32475801629 -1.750772756785179
204 620.9277142046454 4103.666966317281 -4.275023266908142
205 624.0414312821796 4101.629030361803 -1.649588828198367
206 625.2344900793506 4096.019352289855 -4.066003507116374
207 595.0464846766175 4118.596307208493 -3.7890864874072
208 578.6127461663145 4130.7524338921 -3.175520561121044
209 576.8648120017945 4132.460783114854 -3.22472979166407
210 626.637788803735 4093.926522449063 -4.004655769280112
211 628.0268437260968 4092.201077526237 -3.646175180434262
212 586.5693450053782 4122.502813541679 -5.302446913594046
213 583.2216369846115 4126.490270581975 -3.182422668622636
214 649.1515000000001 4067.019 0
215 655.1021 4058.485 0
216 648.2406 4066.108 -7
217 655.0321 4058.415 -7
218 650.6389642489941 4064.885370534575 0
219 652.1267736861362 4062.751981662242 0
220 653.6142947799092 4060.618391821576 0
221 649.9688153495861 4064.205464705534 -7
222 651.7046790508216 4062.309921197098 -7
223 653.4123301869759 4060.38887757888 -7
224 648.551601925442 4066.41886871367 -4.667882280832964
225 648.818109399711 4066.685774654928 -2.326276083263711
226 655.078766666667 4058.461666666667 -2.333333333294362
227 655.0554333333339 4058.438333333334 -4.666666666610528
228 649.8298423929147 4065.716781329305 -1.120586120763241
229 654.4121655166915 4059.314407559638 -5.151968363059588
230 654.0259511364077 4059.941968306346 -1.437605407919454
231 649.5948847810424 4064.979821728477 -5.487042114683785
232 652.8238972383224 4061.245693831717 -4.906735051945346
233 649.8733117752662 4065.042271563065 -3.42106246624477
234 650.8583880329375 4064.157931396994 -1.760633714684313
235 651.0666650196229 4063.406569706914 -4.592121423220117
236 652.6345749706192 4061.717513906424 -2.260084140865192
237 653.8154634204159 4060.112252990435 -3.22765263435005
238 557.7287 4150.959 -7
239 567.7134 4139.73 -7
240 557.6588 4150.889 -14
241 566.8953 4138.804 -14
242 559.3778327206724 4149.076376208177 -7
243 560.9962672053831 4147.16398627638 -7
244 562.6701472122138 4145.300444478957 -7
245 564.405016089549 4143.492982234457 -7
246 566.0698056456667 4141.620860851284 -7
247 559.1098810979565 4148.809583779203 -14
248 560.671616653207 4146.812263748991 -14
249 562.2409487250254 4144.820579782909 -14
250 563.8102807965678 4142.828895817175 -14
251 565.3603840136883 4140.822326308437 -14
252 557.7054666600361 4150.935666660036 -9.333333996386504
253 557.6821333300181 4150.912333330018 -11.66666699818782
254 567.3565298081177 4139.373001813922 -9.31998548862218
255 567.1167847902121 4139.133415929596 -11.66980088004817
256 566.2466974887367 4140.095559130864 -12.84572926016558
257 558.6485987571837 4149.930288074882 -8.217823608518255
258 566.4779452676432 4140.694257661495 -8.451453818465994
259 563.5210243255453 4143.970233562818 -9.491642376855363
260 558.7364326822163 4149.710015077992 -12.55252559272408
261 561.5596320384135 4146.102208064254 -11.60021405039106
262 565.0303842320691 4141.764491219552 -11.97427782129864
263 559.9030697116762 4148.301665481692 -9.090444289113355
264 566.2775316822152 4140.388360989205 -10.67996739509231
265 558.7271990999583 4149.765276826443 -10.37600301976796
266 559.8259666549641 4148.262641649344 -11.9805296703468
267 565.2764003527052 4141.979095444072 -9.06891785619014
268 563.1663676449643 4144.097363319812 -11.92538945003594
269 561.8213782437717 4145.983571712297 -9.058064156976444
270 562.4872008083216 4145.054169437453 -10.50365381548915
271 567.7134 4139.73 -7
272 648.2406 4066.108 -7
273 566.8953 4138.804 -14
274 647.6589 4065.174 -14
275 569.6206950239476 4137.514849420043 -7
276 571.4268807035659 4135.216898689597 -7
277 573.5398405163332 4133.200160914915 -7
278 575.6047917931405 4131.131558212567 -7
279 577.7804389089064 4129.18308259303 -7
280 580.0232141033279 4127.314199336271 -7
281 582.0066924072078 4125.168870664952 -7
282 584.1606238717773 4123.193237703915 -7
283 586.3521199026645 4121.262912411771 -7
284 588.816255812023 4119.693205579626 -7
285 591.1385476929569 4117.918905925839 -7
286 593.5862467862927 4116.321144103477 -7
287 596.0653638760888 4114.77249680709 -7
288 598.8046529642291 4113.778971576897 -7
289 601.4048596845951 4112.45951407385 -7
290 604.0151794678318 4111.146827514622 -7
291 606.6994628190595 4109.989770569916 -7
292 609.3193812955467 4108.695076571594 -7
293 611.8365720137409 4107.217793608041 -7
294 614.544801862133 4106.138237784447 -7
295 616.5440965806661 4104.020506961221 -7
296 618.2795065436275 4101.668508548236 -7
297 619.6418684830589 4099.111011711419 -7
298 620.9737268528008 4096.538359598011 -7
299 622.7329878939559 4094.203999975298 -7
300 624.5319459141261 4091.900080478322 -7
301 626.3669899720521 4089.624706861802 -7
302 628.2457139011207 4087.385665229045 -7
303 630.1861112571453 4085.199468605877 -7
304 632.1132601600391 4083.001625124436 -7
305 634.0754027831828 4080.83490823386 -7
306 635.8685204958302 4078.529052295434 -7
307 637.9181277425135 4076.449001432356 -7
308 640.0465538838517 4074.445382650744 -7
309 642.1454733935166 4072.410979775721 -7
310 644.2210371942314 4070.35267353476 -7
311 646.2511852124695 4068.249604203802 -7
312 568.6903009527132 4136.435401303518 -14
313 570.4730836938774 4134.057576020223 -14
314 572.2968986475312 4131.711748127607 -14
315 574.168600967781 4129.403264252002 -14
316 576.5113089109902 4127.605561355555 -14
317 578.8549514758691 4125.833269790768 -14
318 580.6316224705522 4123.453146776793 -14
319 582.502315904745 4121.144868171345 -14
320 584.474503734791 4118.921617726218 -14
321 586.5614737392175 4116.805754763067 -14
322 588.6486821797474 4114.69011578045 -14
323 590.7455415811315 4112.584306358955 -14
324 592.9358838469979 4110.576641371725 -14
325 595.1732523893808 4108.620494293462 -14
326 597.4050275740898 4106.657958458426 -14
327 600.0001592686951 4105.236175856145 -14
328 602.5929188636326 4103.8015520449 -14
329 604.975366291104 4102.024950898161 -14
330 607.3452184058167 4100.231903223505 -14
331 609.6474799456449 4098.35429522231 -14
332 611.6849997161947 4096.190760946079 -14
333 613.7273434854266 4094.031829436289 -14
334 615.7929363628552 4091.89508110214 -14
335 617.9778724585615 4089.883230183622 -14
336 620.2107615198396 4087.922018652131 -14
337 622.4654204846356 4085.98581609783 -14
338 624.744975325824 4084.080306785626 -14
339 627.1047909955533 4082.273752777489 -14
340 629.370325973602 4080.351335944576 -14
341 631.6188049086144 4078.407960052947 -14
342 633.8686355096887 4076.466149133758 -14
343 636.1616221097629 4074.577950403682 -14
344 638.5392612581174 4072.794919428266 -14
345 640.8539563690522 4070.932093803003 -14
346 643.1416018689641 4069.034978770635 -14
347 645.4292473688359 4067.1378637383 -14
348 567.3565298081177 4139.373001813922 -9.31998548862218
349 567.1167847902121 4139.133415929596 -11.66980088004817
350 647.9295004272738 4065.797100427274 -9.332403451169668
351 647.7216664026727 4065.58924767659 -11.6875341677927
352 646.9219122805707 4067.109814456581 -8.221937525956305
353 646.1570371190813 4066.901249315706 -12.68983012390777
354 568.3025385124706 4137.433965544227 -12.7253025919665
355 568.9205386093049 4137.756172369062 -8.432778928458196
356 612.4010076693571 4104.982484590014 -8.122572593993286
357 615.9135116657726 4101.469952369268 -8.143648420168232
358 606.7311024274591 4107.317390684089 -8.494997457299768
359 571.701878736925 4133.903534176354 -9.409000325771991
360 643.0754891755313 4069.718240902308 -11.58564872701054
361 618.5281389441044 4096.613099491862 -8.333107160173748
362 601.7051252588928 4109.938440179423 -8.378129124186527
363 622.1827836552054 4091.703528462176 -8.513527875214653
364 596.9038170997715 4112.440391287198 -8.608592386892735
365 607.0387570667948 4102.318992589668 -11.85605209440806
366 625.9661183263146 4087.338814384169 -8.652031771249582
367 611.6372380525295 4098.45126932359 -11.93851248784031
368 591.5343620970891 4115.622188545385 -8.858731133575908
369 629.9461843037341 4083.126804627668 -8.854306326227336
370 617.695702586791 4091.844406460485 -11.79731095320427
371 602.1211408342318 4105.625704494973 -11.84550849882512
372 586.7699237226842 4119.328655736583 -9.115941322698792
373 634.0901157539352 4078.628230924135 -9.170611023593311
374 597.235209875995 4108.565662581314 -11.77809812772502
375 638.4036747818278 4074.527586721184 -9.292121451407608
376 622.1826962254645 4087.665606553161 -11.78417711584641
377 576.0136147260113 4129.400143717961 -9.320689464339225
378 582.3606829943276 4123.392802925067 -9.291943372434304
379 626.6564061902305 4083.745522330316 -11.802373290309
380 592.6206690764426 4112.382719812389 -11.52840497405149
381 588.1699108992871 4116.439958712921 -11.56439063154309
382 631.0483154941267 4080.020400810637 -11.57024492088348
383 635.5660808013181 4075.920832307541 -11.50704947007164
384 583.8637517061802 4120.662731121763 -11.49536964698947
385 578.0636464373852 4127.221119523524 -11.53279814779895
386 573.4756418505328 4131.144483250236 -11.50959805386328
387 593.9359903685995 4113.781708891706 -8.879587259645557
388 620.3123302128918 4094.085580669893 -8.395708337417206
389 617.9096316641671 4094.203554211093 -9.798971054846866
390 615.9072427597339 4097.201653260408 -9.798000243490222
391 609.4602987019264 4100.52378346568 -11.9361118298801
392 611.5985498443622 4101.070420714807 -10.31400179970754
393 609.3663231816704 4102.902362941111 -10.1976341565625
394 604.6093462763051 4104.071796876445 -11.84823445085152
395 604.3777445773377 4106.298899254335 -10.01773499489688
396 606.8827140944891 4104.682481528527 -10.02987469265885
397 609.4189380788682 4105.524018641348 -8.550903389007084
398 646.3298021394121 4067.087693806342 -10.50047481451454
399 645.1117833897388 4068.635316735655 -8.937430156505728
400 604.2140646085245 4108.696771009519 -8.432655649448789
401 579.9285448627592 4125.265436239109 -11.48353318027673
402 613.6432847717479 4096.340471799468 -11.86594738057777
403 628.9216983029522 4081.843316479912 -11.75818686653622
404 624.0924796708289 4089.494293661701 -8.570457870894986
405 640.2642297119789 4072.158963765597 -11.4506911437678
406 627.9361130310679 4085.144058094686 -8.827186158339719
407 594.9249383983631 4110.443544925446 -11.73359838880802
408 590.3631493439569 4114.333062683785 -11.6315461714674
409 617.4147237597301 4099.244694775558 -8.247919474248732
410 619.9310916021118 4089.720297879009 -11.80704191199231
411 644.9904844913839 4067.985009568213 -12.03313082662415
412 624.3652531491952 4085.658760343867 -11.81574852161003
413 569.8440378343435 4136.374708180666 -8.9884223027723
414 589.1798116232358 4117.410734488879 -8.965335251020106
415 631.92796160798 4081.011035484619 -8.9688681525402
416 586.0967610162804 4118.366552144596 -11.67568226878529
417 568.5403767154555 4137.550791923448 -10.57119853091416
418 599.3633864874469 4111.243087091018 -8.446195561981622
419 599.4048037188716 4109.028307110046 -9.902088143415035
420 633.0814584840454 4078.1019972361 -11.70623874124509
421 619.9108936220002 4091.778979776817 -9.958524374892349
422 615.5773365731552 4094.073205571071 -11.84397876793082
423 584.5191633849395 4121.39336579534 -8.920386736449734
424 599.5725341254699 4106.971185381693 -11.75831610330815
425 636.0825081929486 4076.689121756587 -9.002635781701168
426 613.5435151880532 4099.182525087183 -10.19667050464562
427 569.681459236453 4135.724764058362 -12.02021031707159
428 581.988998846969 4122.640232604143 -11.81018585212262
429 637.6795884439796 4074.125563369414 -11.81324651016159
430 575.6009212218056 4128.859649488906 -11.84349838100642
431 573.9937925834014 4131.587970020146 -9.018005418595019
432 640.5156755961439 4072.828992222856 -9.030938130617903
433 578.6024822749182 4127.603981271349 -8.985614368205976
434 580.4377805902229 4125.707453934343 -8.964374836597131
435 642.6596307492346 4070.853988540907 -9.095050019392827
436 601.8471484011231 4107.661886184453 -9.941089267318329
437 597.1500820044536 4110.5224586853 -10.00003421109996
438 571.4545180294741 4133.446869662097 -11.89910003118278
439 621.9639319999357 4089.569143263217 -10.04770790032896
440 624.037431343563 4087.451339602143 -10.10896797377787
441 614.2411448017157 4103.409193453862 -8.16666962402528
442 592.0866320340826 4114.023168011953 -10.03639099526001
443 611.676563516971 4103.065980093799 -9.293935424647922
444 595.0696112692775 4111.857088034044 -9.975123050860464
445 626.107527776547 4085.42836621286 -10.16091474340694
446 613.6925653864304 4101.319114476809 -9.178895088505719
447 615.4468171238375 4099.568748354068 -9.023211703831313
448 628.3183745549488 4083.396504779902 -10.24356550689225
449 589.8119448708749 4115.825500377278 -10.20963845427454
450 630.3242479048996 4081.491467601461 -10.26985769683669
451 648.2406 4066.108 -7
452 655.0321 4058.415 -7
453 647.6589 4065.174 -14
454 654.9621 4058.345 -14
455 649.9688153495861 4064.205464705534 -7
456 651.7046790508216 4062.309921197098 -7
457 653.4123301869759 4060.38887757888 -7
458 649.4970598221962 4063.479911828712 -14
459 651.3554255893685 4061.808502773297 -14
460 653.1587627947285 4060.076751386606 -14
461 647.9295004272738 4065.797100427274 -9.332403451169668
462 647.7216664026727 4065.58924767659 -11.6875341677927
463 654.9854333333333 4058.368333333333 -11.66666666666563
464 655.0087666666667 4058.391666666667 -9.333333333333847
465 654.2222846064642 4059.433175134137 -8.206234424327555
466 648.7820130468849 4064.548539317736 -11.92268032091451
467 653.8947276734874 4059.663569632427 -12.47559932938736
468 650.6217092279627 4062.860588228637 -11.85405301886399
469 649.3070382469191 4064.582243075888 -8.423679323406677
470 650.783122273737 4062.953788489171 -9.326480811506043
471 654.0007438761423 4059.604305599974 -10.25552171924204
472 652.3753573850092 4061.178631319458 -11.67380625841362
473 652.7874923196633 4060.921526389901 -8.938034553041499
474 649.5582134752724 4064.036443815989 -10.08321154933796
